timestamp,component_id,job_id,app_id,MemTotal,MemFree,MemAvailable,Buffers,Cached,SwapCached,Active,Inactive,Active(anon),Inactive(anon),Active(file),Inactive(file),Unevictable,Mlocked,SwapTotal,SwapFree,Dirty,Writeback,AnonPages,Mapped,Shmem,KReclaimable,Slab,SReclaimable,SUnreclaim,KernelStack,PageTables,NFS_Unstable,Bounce,WritebackTmp,CommitLimit,Committed_AS,VmallocTotal,VmallocUsed,VmallocChunk,Percpu,HardwareCorrupted,AnonHugePages,ShmemHugePages,ShmemPmdMapped,FileHugePages,FilePmdMapped,HugePages_Total,HugePages_Free,HugePages_Rsvd,HugePages_Surp,Hugepagesize,Hugetlb,DirectMap4k,DirectMap2M,DirectMap1G
1744061761.001629,600037,21131153,0,131892244,128753468,128225184,0,135516,0,53220,532108,5128,483860,48092,48248,1048576,1048576,0,0,164,0,1498944,194588,38608,84652,590292,84652,505640,22640,10432,0,0,0,65946120,3867908,34359738367,476572,0,53760,0,1118208,0,0,0,0,0,0,0,0,2048,0,341264,12144640,123731968
1744061762.002443,600037,21131153,0,131892244,128733348,128209056,0,143024,0,53796,552416,5128,496824,48668,55592,1048576,1048576,0,0,164,0,1511932,197688,38608,84716,590300,84716,505584,22640,10484,0,0,0,65946120,3875292,34359738367,476572,0,53760,0,1118208,0,0,0,0,0,0,0,0,2048,0,341264,12144640,123731968
1744061763.001548,600037,21131153,0,131892244,128713332,128196772,0,158660,0,54000,571632,5128,500876,48872,70756,1048576,1048576,0,0,164,0,1515748,204600,38864,84812,590476,84812,505664,22640,10512,0,0,0,65946120,3875292,34359738367,476572,0,53760,0,1118208,0,0,0,0,0,0,0,0,2048,0,341264,12144640,123731968
1744061764.001539,600037,21131153,0,131892244,128695496,128185664,0,171740,0,54124,589652,5128,505884,48996,83768,1048576,1048576,0,0,0,0,1520756,209092,38864,85132,590808,85132,505676,22640,10540,0,0,0,65946120,3882448,34359738367,476572,0,53760,0,1118208,0,0,0,0,0,0,0,0,2048,0,341264,12144640,123731968
1744061765.001621,600037,21131153,0,131892244,128674232,128170380,0,183332,0,54228,610136,5128,514864,49100,95272,1048576,1048576,0,0,0,0,1529784,213876,38864,85484,591116,85484,505632,22640,10572,0,0,0,65946120,3882448,34359738367,476572,0,53760,0,1118208,0,0,0,0,0,0,0,0,2048,0,341264,12144640,123731968
1744061766.002310,600037,21131153,0,131892244,128651816,128150940,0,189252,0,54540,632016,5128,531200,49412,100816,1048576,1048576,0,0,0,0,1546112,215348,38864,85580,591268,85580,505688,22640,10612,0,0,0,65946120,3904236,34359738367,476572,0,53760,0,1118208,0,0,0,0,0,0,0,0,2048,0,341264,12144640,123731968
1744061767.001018,600037,21131153,0,131892244,128556984,128074308,0,225144,0,56048,713492,5584,578064,50464,135428,1048576,1048576,0,0,76,0,1593512,221780,39076,86316,593832,86316,507516,22880,15656,0,0,0,65946120,4015176,34359738367,477212,0,53760,0,1118208,0,0,0,0,0,0,0,0,2048,0,341264,12144640,123731968
1744061768.001398,600037,21131153,0,131892244,128480336,128028784,0,287548,0,56236,787764,5676,590180,50560,197584,1048576,1048576,0,0,76,0,1605588,260356,39084,86316,594312,86316,507996,23024,20548,0,0,0,65946120,4022444,34359738367,477212,0,53760,0,1118208,0,0,0,0,0,0,0,0,2048,0,341264,12144640,123731968
1744061769.001476,600037,21131153,0,131892244,128366576,127938816,0,343268,0,56480,892536,5684,647604,50796,244932,1048576,1048576,0,0,76,0,1655468,301548,47348,86316,594448,86316,508132,23408,25464,0,0,0,65946120,4155120,34359738367,477388,0,53760,0,1118208,0,0,0,0,0,0,0,0,2048,0,341264,12144640,123731968
1744061770.004615,600037,21131153,0,131892244,127492084,127075548,0,433984,0,58224,1613240,5828,1347812,52396,265428,1048576,1048576,0,0,964,8,2287072,385096,116080,86668,601940,86668,515272,24832,35040,0,0,0,65946120,5314272,34359738367,478588,0,53760,0,1118208,0,0,0,0,0,0,0,0,2048,0,341264,12144640,123731968
1744061771.001696,600037,21131153,0,131892244,127271292,126861320,0,447676,0,69056,1822660,14528,1546240,54528,276420,1048576,1048576,0,0,1060,0,2493804,397208,116368,86668,601836,86668,515168,24832,36896,0,0,0,65946120,5522276,34359738367,478588,0,53760,0,1118208,0,0,0,0,0,0,0,0,2048,0,341264,12144640,123731968
1744061772.002185,600037,21131153,0,131892244,127221684,126812680,0,449584,0,83964,1858092,29436,1579764,54528,278328,1048576,1048576,0,0,1060,0,2541976,398944,116624,86700,601888,86700,515188,24832,37000,0,0,0,65946120,5611436,34359738367,478588,0,53760,0,1118208,0,0,0,0,0,0,0,0,2048,0,341264,12144640,123731968
1744061773.001730,600037,21131153,0,131892244,127093856,126685548,0,450960,0,95424,1972472,40896,1692756,54528,279716,1048576,1048576,0,0,1060,0,2669268,400140,116624,86700,601896,86700,515196,24832,37608,0,0,0,65946120,6032852,34359738367,478588,0,53760,0,1118208,0,0,0,0,0,0,0,0,2048,0,341264,12144640,123731968
1744061774.001811,600037,21131153,0,131892244,126388120,125985944,0,463344,0,111912,2662228,57384,2370244,54528,291984,1048576,1048576,0,0,1064,0,3360744,411740,116624,86700,601916,86700,515216,24832,39120,0,0,0,65946120,6767712,34359738367,478588,0,53760,0,1118208,0,0,0,0,0,0,0,0,2048,0,341264,12144640,123731968
1744061775.001235,600037,21131153,0,131892244,126353900,125953552,0,467236,0,116560,2691324,62028,2395688,54532,295636,1048576,1048576,0,0,1124,0,3390500,415096,116624,86700,601952,86700,515252,24832,39352,0,0,0,65946120,6806244,34359738367,478588,0,53760,0,1118208,0,0,0,0,0,0,0,0,2048,0,341264,12144640,123731968
1744061776.001631,600037,21131153,0,131892244,126353884,125953596,0,467432,0,116560,2691444,62028,2395688,54532,295756,1048576,1048576,0,0,120,0,3390540,415160,116688,86700,601968,86700,515268,24832,39352,0,0,0,65946120,6806244,34359738367,478588,0,53760,0,1118208,0,0,0,0,0,0,0,0,2048,0,341264,12144640,123731968
1744061777.001688,600037,21131153,0,131892244,126354200,125953980,0,467568,0,116564,2691620,62028,2395736,54536,295884,1048576,1048576,0,0,240,0,3390540,415160,116688,86700,601968,86700,515268,24832,39352,0,0,0,65946120,6806244,34359738367,478588,0,53760,0,1118208,0,0,0,0,0,0,0,0,2048,0,341264,12144640,123731968
1744061778.002026,600037,21131153,0,131892244,126354324,125954160,0,467696,0,116564,2691772,62028,2395772,54536,296000,1048576,1048576,0,0,356,0,3390540,415160,116688,86700,601984,86700,515284,24832,39352,0,0,0,65946120,6806244,34359738367,478588,0,53760,0,1118208,0,0,0,0,0,0,0,0,2048,0,341264,12144640,123731968
1744061779.001407,600037,21131153,0,131892244,126354308,125954236,0,467860,0,116564,2691952,62028,2395772,54536,296180,1048576,1048576,0,0,500,0,3390540,415160,116688,86700,602000,86700,515300,24832,39352,0,0,0,65946120,6806244,34359738367,478588,0,53760,0,1118208,0,0,0,0,0,0,0,0,2048,0,341264,12144640,123731968
1744061780.001466,600037,21131153,0,131892244,126354360,125954348,0,468060,0,116564,2692072,62028,2395772,54536,296300,1048576,1048576,0,0,620,0,3390540,415224,116752,86700,602008,86700,515308,24832,39352,0,0,0,65946120,6806244,34359738367,478588,0,53760,0,1118208,0,0,0,0,0,0,0,0,2048,0,341264,12144640,123731968
1744061781.001819,600037,21131153,0,131892244,126354388,125954432,0,468168,0,116564,2692192,62028,2395776,54536,296416,1048576,1048576,0,0,712,0,3390540,415224,116752,86700,602016,86700,515316,24832,39352,0,0,0,65946120,6806244,34359738367,478588,0,53760,0,1118208,0,0,0,0,0,0,0,0,2048,0,341264,12144640,123731968
1744061782.001269,600037,21131153,0,131892244,125784072,125385692,0,471140,0,117088,3262736,62536,2963184,54552,299552,1048576,1048576,0,0,920,0,3958064,418188,116952,86700,602208,86700,515508,24832,40240,0,0,0,65946120,7120168,34359738367,478588,0,53760,0,1118208,0,0,0,0,0,0,0,0,2048,0,341264,12144640,123731968
1744061783.001015,600037,21131153,0,131892244,125781656,125384152,0,473464,0,117204,3265288,62652,2963984,54552,301304,1048576,1048576,0,0,1320,0,3958192,418964,117532,86700,602128,86700,515428,24832,40240,0,0,0,65946120,7120848,34359738367,478588,0,53760,0,1118208,0,0,0,0,0,0,0,0,2048,0,341264,12144640,123731968
1744061784.001240,600037,21131153,0,131892244,125780828,125383956,0,475212,0,117300,3267012,62748,2964448,54552,302564,1048576,1048576,0,0,1440,0,3958212,419464,118024,86700,602128,86700,515428,24832,40240,0,0,0,65946120,7122128,34359738367,478588,0,53760,0,1118208,0,0,0,0,0,0,0,0,2048,0,341264,12144640,123731968
1744061785.001335,600037,21131153,0,131892244,125779220,125383064,0,477220,0,117300,3269056,62748,2965060,54552,303996,1048576,1048576,0,0,1708,12,3958228,420052,118612,86700,602160,86700,515460,24832,40240,0,0,0,65946120,7122280,34359738367,478588,0,53760,0,1118208,0,0,0,0,0,0,0,0,2048,0,341264,12144640,123731968
1744061786.001181,600037,21131153,0,131892244,125777552,125382068,0,479224,0,117300,3271056,62748,2965716,54552,305340,1048576,1048576,0,0,912,4,3958228,420688,119248,86700,602384,86700,515684,24832,40240,0,0,0,65946120,7122296,34359738367,478588,0,53760,0,1118208,0,0,0,0,0,0,0,0,2048,0,341264,12144640,123731968
1744061787.001287,600037,21131153,0,131892244,125740820,125346824,0,482880,0,117644,3305228,63088,2996924,54556,308304,1048576,1048576,0,0,1320,0,3991692,421704,119872,86708,603096,86708,516388,24832,40240,0,0,0,65946120,7129832,34359738367,478588,0,53760,0,1118208,0,0,0,0,0,0,0,0,2048,0,341264,12144640,123731968
1744061788.001900,600037,21131153,0,131892244,125358960,124965600,0,484252,0,132416,3671964,77860,3362384,54556,309580,1048576,1048576,0,0,1464,0,4370524,422096,120020,86708,602552,86708,515844,24832,40968,0,0,0,65946120,7546692,34359738367,478588,0,53760,0,1118208,0,0,0,0,0,0,0,0,2048,0,341264,12144640,123731968
1744061789.001970,600037,21131153,0,131892244,124233052,123850916,0,509416,0,140168,4784848,83988,4454448,56180,330400,1048576,1048576,0,0,6156,520,5467516,424360,119888,86708,603388,86708,516680,24832,43260,0,0,0,65946120,8699144,34359738367,478588,0,53760,0,1118208,0,0,0,0,0,0,0,0,2048,0,341264,12144640,123731968
1744061790.013516,600037,21131153,0,131892244,124028140,123664728,0,544288,0,147160,4981984,84896,4620216,62264,361768,1048576,1048576,0,0,18028,0,5635088,425744,119888,86708,606912,86708,520204,24832,43584,0,0,0,65946120,8871396,34359738367,478588,0,53760,0,1118208,0,0,0,0,0,0,0,0,2048,0,341264,12144640,123731968
1744061791.001018,600037,21131153,0,131892244,124021464,123658268,0,544584,0,147280,4989064,85004,4626876,62276,362188,1048576,1048576,0,0,18256,0,5641516,425900,119892,86708,606924,86708,520216,24832,43676,0,0,0,65946120,8871396,34359738367,478588,0,53760,0,1118208,0,0,0,0,0,0,0,0,2048,0,341264,12144640,123731968
1744061792.001468,600037,21131153,0,131892244,124021492,123658296,0,544608,0,147280,4989064,85004,4626876,62276,362188,1048576,1048576,0,0,18280,0,5641516,425900,119892,86708,606924,86708,520216,24832,43676,0,0,0,65946120,8871396,34359738367,478588,0,53760,0,1118208,0,0,0,0,0,0,0,0,2048,0,341264,12144640,123731968
1744061793.001985,600037,21131153,0,131892244,124021280,123658232,0,544852,0,149016,4987616,86640,4625236,62376,362380,1048576,1048576,0,0,18524,0,5641516,425900,119892,86708,606940,86708,520232,24832,43676,0,0,0,65946120,8871396,34359738367,478588,0,53760,0,1118208,0,0,0,0,0,0,0,0,2048,0,341264,12144640,123731968
1744061794.002061,600037,21131153,0,131892244,124021280,123658232,0,544860,0,149016,4987616,86640,4625236,62376,362380,1048576,1048576,0,0,18532,0,5641516,425900,119892,86708,606940,86708,520232,24832,43676,0,0,0,65946120,8871396,34359738367,478588,0,53760,0,1118208,0,0,0,0,0,0,0,0,2048,0,341264,12144640,123731968
1744061795.001547,600037,21131153,0,131892244,124021036,123658108,0,545116,0,149448,4987424,87044,4624832,62404,362592,1048576,1048576,0,0,18788,0,5641532,425900,119892,86708,606964,86708,520256,24832,43680,0,0,0,65946120,8871396,34359738367,478588,0,53760,0,1118208,0,0,0,0,0,0,0,0,2048,0,341264,12144640,123731968
1744061796.002010,600037,21131153,0,131892244,123950436,123616576,0,586692,0,149572,5046544,87060,4645512,62512,401032,1048576,1048576,0,0,24328,520,5662196,425900,119892,86708,607428,86708,520720,24832,43680,0,0,0,65946120,8900156,34359738367,478588,0,53760,0,1118208,0,0,0,0,0,0,0,0,2048,0,341264,12144640,123731968
1744061797.001116,600037,21131153,0,131892244,123968760,123644336,0,593432,0,152184,5033088,87268,4625024,64916,408064,1048576,1048576,0,0,29220,0,5641808,425900,119892,86708,610700,86708,523992,24832,43680,0,0,0,65946120,8871896,34359738367,478588,0,53760,0,1118208,0,0,0,0,0,0,0,0,2048,0,341264,12144640,123731968
1744061798.001616,600037,21131153,0,131892244,123968492,123644312,0,593676,0,152424,5033092,87412,4624880,65012,408212,1048576,1048576,0,0,29464,0,5641836,425900,119892,86708,610716,86708,524008,24832,43684,0,0,0,65946120,8871896,34359738367,478588,0,53760,0,1118208,0,0,0,0,0,0,0,0,2048,0,341264,12144640,123731968
1744061799.002108,600037,21131153,0,131892244,123968492,123644312,0,593692,0,152424,5033092,87412,4624880,65012,408212,1048576,1048576,0,0,29480,0,5641836,425900,119892,86708,610716,86708,524008,24832,43684,0,0,0,65946120,8871896,34359738367,478588,0,53760,0,1118208,0,0,0,0,0,0,0,0,2048,0,341264,12144640,123731968
1744061800.001206,600037,21131153,0,131892244,123968476,123644356,0,593728,0,152424,5033152,87412,4624880,65012,408272,1048576,1048576,0,0,29516,0,5641836,425900,119892,86708,610748,86708,524040,24832,43684,0,0,0,65946120,8871896,34359738367,478588,0,53760,0,1118208,0,0,0,0,0,0,0,0,2048,0,341264,12144640,123731968
1744061801.001548,600037,21131153,0,131892244,123968236,123644292,0,593972,0,152604,5033152,87592,4624704,65012,408448,1048576,1048576,0,0,29748,0,5641836,425912,119904,86708,610764,86708,524056,24832,43684,0,0,0,65946120,8871896,34359738367,478588,0,53760,0,1118208,0,0,0,0,0,0,0,0,2048,0,341264,12144640,123731968
1744061802.002206,600037,21131153,0,131892244,123968236,123644412,0,593992,0,152604,5033272,87592,4624704,65012,408568,1048576,1048576,0,0,29768,0,5641836,425912,119904,86708,610764,86708,524056,24832,43684,0,0,0,65946120,8871896,34359738367,478588,0,53760,0,1118208,0,0,0,0,0,0,0,0,2048,0,341264,12144640,123731968
1744061803.001310,600037,21131153,0,131892244,123915600,123639932,0,642388,0,155824,5078336,87940,4624484,67884,453852,1048576,1048576,0,0,8072,0,5641868,425932,119924,86708,614588,86708,527880,24832,43684,0,0,0,65946120,8872700,34359738367,478588,0,53760,0,1118208,0,0,0,0,0,0,0,0,2048,0,341264,12144640,123731968
1744061804.001942,600037,21131153,0,131892244,123915648,123640184,0,642584,0,155952,5078420,88060,4624372,67892,454048,1048576,1048576,0,0,8268,0,5641896,425932,119924,86708,614604,86708,527896,24832,43688,0,0,0,65946120,8872700,34359738367,478588,0,53760,0,1118208,0,0,0,0,0,0,0,0,2048,0,341264,12144640,123731968
1744061805.002020,600037,21131153,0,131892244,123915620,123640156,0,642596,0,155952,5078420,88060,4624372,67892,454048,1048576,1048576,0,0,8280,0,5641908,425932,119924,86708,614604,86708,527896,24832,43688,0,0,0,65946120,8872700,34359738367,478588,0,53760,0,1118208,0,0,0,0,0,0,0,0,2048,0,341264,12144640,123731968
1744061806.001636,600037,21131153,0,131892244,123915592,123640128,0,642608,0,155952,5078420,88060,4624372,67892,454048,1048576,1048576,0,0,8292,0,5641916,425932,119924,86708,614604,86708,527896,24832,43688,0,0,0,65946120,8872700,34359738367,478588,0,53760,0,1118208,0,0,0,0,0,0,0,0,2048,0,341264,12144640,123731968
1744061807.001740,600037,21131153,0,131892244,123915592,123640168,0,642620,0,155952,5078480,88060,4624392,67892,454088,1048576,1048576,0,0,7336,0,5641928,425932,119924,86708,614604,86708,527896,24832,43688,0,0,0,65946120,8872700,34359738367,478588,0,53760,0,1118208,0,0,0,0,0,0,0,0,2048,0,341264,12144640,123731968
1744061808.001377,600037,21131153,0,131892244,123915564,123640200,0,642644,0,155952,5078540,88060,4624392,67892,454148,1048576,1048576,0,0,7360,0,5641928,425932,119924,86708,614604,86708,527896,24832,43688,0,0,0,65946120,8872700,34359738367,478588,0,53760,0,1118208,0,0,0,0,0,0,0,0,2048,0,341264,12144640,123731968
1744061809.001485,600037,21131153,0,131892244,123915196,123640048,0,642892,0,156732,5078000,88764,4623712,67968,454288,1048576,1048576,0,0,7596,0,5641972,425944,119936,86708,614636,86708,527928,24832,43688,0,0,0,65946120,8872700,34359738367,478588,0,53760,0,1118208,0,0,0,0,0,0,0,0,2048,0,341264,12144640,123731968
1744061810.013741,600037,21131153,0,131892244,123915208,123640060,0,642900,0,156732,5078000,88764,4623712,67968,454288,1048576,1048576,0,0,7604,0,5642000,425944,119936,86708,614636,86708,527928,24832,43688,0,0,0,65946120,8872700,34359738367,478588,0,53760,0,1118208,0,0,0,0,0,0,0,0,2048,0,341264,12144640,123731968
1744061811.001829,600037,21131153,0,131892244,123915144,123640072,0,642908,0,156732,5078120,88764,4623756,67968,454364,1048576,1048576,0,0,7612,0,5642052,425944,119936,86708,614644,86708,527936,24832,43688,0,0,0,65946120,8872700,34359738367,478588,0,53760,0,1118208,0,0,0,0,0,0,0,0,2048,0,341264,12144640,123731968
1744061812.001332,600037,21131153,0,131892244,123915088,123640016,0,642912,0,156732,5078192,88764,4623828,67968,454364,1048576,1048576,0,0,7616,0,5642080,425944,119936,86708,614644,86708,527936,24832,43688,0,0,0,65946120,8872700,34359738367,478588,0,53760,0,1118208,0,0,0,0,0,0,0,0,2048,0,341264,12144640,123731968
1744061813.001854,600037,21131153,0,131892244,123914976,123639904,0,642920,0,156732,5078200,88764,4623836,67968,454364,1048576,1048576,0,0,7624,0,5642188,425944,119936,86708,614644,86708,527936,24832,43688,0,0,0,65946120,8872700,34359738367,478588,0,53760,0,1118208,0,0,0,0,0,0,0,0,2048,0,341264,12144640,123731968
1744061814.001964,600037,21131153,0,131892244,123914540,123639728,0,643216,0,157156,5078256,89176,4623644,67980,454612,1048576,1048576,0,0,7884,0,5642344,425980,119972,86708,614660,86708,527952,24832,43688,0,0,0,65946120,8872700,34359738367,478588,0,53760,0,1118208,0,0,0,0,0,0,0,0,2048,0,341264,12144640,123731968
1744061815.001467,600037,21131153,0,131892244,123914560,123639748,0,643216,0,157156,5078260,89176,4623648,67980,454612,1048576,1048576,0,0,7884,0,5642348,425980,119972,86708,614668,86708,527960,24832,43688,0,0,0,65946120,8872700,34359738367,478588,0,53760,0,1118208,0,0,0,0,0,0,0,0,2048,0,341264,12144640,123731968
1744061816.001948,600037,21131153,0,131892244,123914392,123639580,0,643224,0,157188,5078428,89208,4623816,67980,454612,1048576,1048576,0,0,7892,0,5642520,425980,119972,86708,614668,86708,527960,24832,43688,0,0,0,65946120,8872700,34359738367,478588,0,53760,0,1118208,0,0,0,0,0,0,0,0,2048,0,341264,12144640,123731968
1744061817.002030,600037,21131153,0,131892244,123861380,123634824,0,691512,0,159888,5124764,89336,4624468,70552,500296,1048576,1048576,0,0,20172,0,5643264,425980,119972,86708,618572,86708,531864,24832,43688,0,0,0,65946120,8873352,34359738367,478588,0,53760,0,1118208,0,0,0,0,0,0,0,0,2048,0,341264,12144640,123731968
1744061818.001469,600037,21131153,0,131892244,123861268,123634772,0,691524,0,159888,5124948,89336,4624592,70552,500356,1048576,1048576,0,0,20184,0,5643380,425980,119972,86708,618572,86708,531864,24832,43688,0,0,0,65946120,8873352,34359738367,478588,0,53760,0,1118208,0,0,0,0,0,0,0,0,2048,0,341264,12144640,123731968
1744061819.001969,600037,21131153,0,131892244,123861040,123634544,0,691528,0,159944,5125112,89392,4624756,70552,500356,1048576,1048576,0,0,20188,0,5643580,425980,119972,86708,618604,86708,531896,24832,43688,0,0,0,65946120,8873352,34359738367,478588,0,53760,0,1118208,0,0,0,0,0,0,0,0,2048,0,341264,12144640,123731968
1744061820.002056,600037,21131153,0,131892244,123860424,123634108,0,691792,0,160800,5124780,90156,4624336,70644,500444,1048576,1048576,0,0,20440,0,5643932,425992,119984,86708,618620,86708,531912,24832,43688,0,0,0,65946120,8873352,34359738367,478588,0,53760,0,1118208,0,0,0,0,0,0,0,0,2048,0,341264,12144640,123731968
1744061821.001872,600037,21131153,0,131892244,123860132,123633900,0,691808,0,160860,5125140,90180,4624648,70680,500492,1048576,1048576,0,0,20456,0,5644260,425992,119984,86708,618548,86708,531840,24832,43688,0,0,0,65946120,8873352,34359738367,478588,0,53760,0,1118208,0,0,0,0,0,0,0,0,2048,0,341264,12144640,123731968
1744061822.001494,600037,21131153,0,131892244,123860080,123633908,0,691812,0,160860,5125328,90180,4624776,70680,500552,1048576,1048576,0,0,3484,0,5644360,425992,119984,86708,618532,86708,531824,24832,43688,0,0,0,65946120,8873352,34359738367,478588,0,53760,0,1118208,0,0,0,0,0,0,0,0,2048,0,341264,12144640,123731968
1744061823.001569,600037,21131153,0,131892244,123859604,123633448,0,691824,0,160864,5125812,90180,4625248,70684,500564,1048576,1048576,0,0,3504,0,5644840,425992,119984,86708,618532,86708,531824,24832,43688,0,0,0,65946120,8873352,34359738367,478588,0,53760,0,1118208,0,0,0,0,0,0,0,0,2048,0,341264,12144640,123731968
1744061824.002185,600037,21131153,0,131892244,123859016,123632952,0,691836,0,160864,5126472,90180,4625816,70684,500656,1048576,1048576,0,0,3516,0,5645432,425992,119984,86708,618532,86708,531824,24832,43688,0,0,0,65946120,8873352,34359738367,478588,0,53760,0,1118208,0,0,0,0,0,0,0,0,2048,0,341264,12144640,123731968
1744061825.001293,600037,21131153,0,131892244,123858988,123632924,0,691864,0,160864,5126472,90180,4625816,70684,500656,1048576,1048576,0,0,3544,0,5645476,425992,119984,86708,618532,86708,531824,24832,43688,0,0,0,65946120,8873352,34359738367,478588,0,53760,0,1118208,0,0,0,0,0,0,0,0,2048,0,341264,12144640,123731968
1744061826.001887,600037,21131153,0,131892244,123858116,123632280,0,692128,0,162028,5126172,91196,4625436,70832,500736,1048576,1048576,0,0,3768,0,5646100,426032,120024,86708,618564,86708,531856,24832,43688,0,0,0,65946120,8873352,34359738367,478588,0,53760,0,1118208,0,0,0,0,0,0,0,0,2048,0,341264,12144640,123731968
1744061827.001970,600037,21131153,0,131892244,123857332,123631592,0,692144,0,162296,5126724,91420,4625936,70876,500788,1048576,1048576,0,0,3324,0,5646872,426032,120024,86708,618564,86708,531856,24832,43688,0,0,0,65946120,8873352,34359738367,478588,0,53760,0,1118208,0,0,0,0,0,0,0,0,2048,0,341264,12144640,123731968
1744061828.001600,600037,21131153,0,131892244,123857276,123631536,0,692160,0,162296,5126816,91420,4626028,70876,500788,1048576,1048576,0,0,3340,0,5646932,426032,120024,86708,618564,86708,531856,24832,43688,0,0,0,65946120,8873352,34359738367,478588,0,53760,0,1118208,0,0,0,0,0,0,0,0,2048,0,341264,12144640,123731968
1744061829.001719,600037,21131153,0,131892244,123856436,123630696,0,692164,0,162356,5127472,91480,4626684,70876,500788,1048576,1048576,0,0,3344,0,5647728,426032,120024,86708,618564,86708,531856,24832,43688,0,0,0,65946120,8873352,34359738367,478588,0,53760,0,1118208,0,0,0,0,0,0,0,0,2048,0,341264,12144640,123731968
1744061830.013425,600037,21131153,0,131892244,123855512,123629832,0,692172,0,162616,5128128,91740,4627280,70876,500848,1048576,1048576,0,0,3352,0,5648636,426032,120024,86708,618564,86708,531856,24832,43688,0,0,0,65946120,8873352,34359738367,478588,0,53760,0,1118208,0,0,0,0,0,0,0,0,2048,0,341264,12144640,123731968
1744061831.001503,600037,21131153,0,131892244,123802816,123625476,0,740756,0,165760,5173764,92180,4627280,73580,546484,1048576,1048576,0,0,47336,0,5648812,426032,120024,86708,622340,86708,535632,24832,43688,0,0,0,65946120,8873360,34359738367,478588,0,53760,0,1118208,0,0,0,0,0,0,0,0,2048,0,341264,12144640,123731968
1744061832.001999,600037,21131153,0,131892244,123801924,123624868,0,740760,0,165908,5174628,92200,4627988,73708,546640,1048576,1048576,0,0,46932,0,5649772,426032,120024,86708,622340,86708,535632,24832,43688,0,0,0,65946120,8873360,34359738367,478588,0,53760,0,1118208,0,0,0,0,0,0,0,0,2048,0,341264,12144640,123731968
1744061833.001507,600037,21131153,0,131892244,123800720,123623664,0,740768,0,166148,5175468,92440,4628828,73708,546640,1048576,1048576,0,0,46940,0,5650920,426032,120024,86708,622340,86708,535632,24832,43688,0,0,0,65946120,8873360,34359738367,478588,0,53760,0,1118208,0,0,0,0,0,0,0,0,2048,0,341264,12144640,123731968
1744061834.001613,600037,21131153,0,131892244,123800552,123623496,0,740784,0,166148,5175648,92440,4629008,73708,546640,1048576,1048576,0,0,46960,0,5651048,426032,120024,86708,622340,86708,535632,24832,43688,0,0,0,65946120,8873360,34359738367,478588,0,53760,0,1118208,0,0,0,0,0,0,0,0,2048,0,341264,12144640,123731968
1744061835.002216,600037,21131153,0,131892244,123799404,123622368,0,740788,0,166280,5176596,92552,4629956,73728,546640,1048576,1048576,0,0,46964,0,5652244,426032,120024,86708,622340,86708,535632,24832,43688,0,0,0,65946120,8873360,34359738367,478588,0,53760,0,1118208,0,0,0,0,0,0,0,0,2048,0,341264,12144640,123731968
1744061836.001767,600037,21131153,0,131892244,123797976,123620972,0,740800,0,166864,5177452,93088,4630828,73776,546624,1048576,1048576,0,0,46976,0,5653636,426032,120024,86708,622340,86708,535632,24832,43688,0,0,0,65946120,8873360,34359738367,478588,0,53760,0,1118208,0,0,0,0,0,0,0,0,2048,0,341264,12144640,123731968
1744061837.001949,600037,21131153,0,131892244,123797624,123620916,0,741060,0,167404,5177332,93580,4630460,73824,546872,1048576,1048576,0,0,45720,456,5653744,426036,120028,86708,622356,86708,535648,24832,43688,0,0,0,65946120,8873360,34359738367,478588,0,53760,0,1118208,0,0,0,0,0,0,0,0,2048,0,341264,12144640,123731968
1744061838.001254,600037,21131153,0,131892244,123796252,123619636,0,741064,0,167584,5178592,93760,4631628,73824,546964,1048576,1048576,0,0,45544,0,5655132,426036,120028,86708,622356,86708,535648,24832,43688,0,0,0,65946120,8873360,34359738367,478588,0,53760,0,1118208,0,0,0,0,0,0,0,0,2048,0,341264,12144640,123731968
1744061839.001786,600037,21131153,0,131892244,123794600,123618024,0,741072,0,167980,5179760,94156,4632756,73824,547004,1048576,1048576,0,0,45552,0,5656740,426036,120028,86708,622356,86708,535648,24832,43688,0,0,0,65946120,8873360,34359738367,478588,0,53760,0,1118208,0,0,0,0,0,0,0,0,2048,0,341264,12144640,123731968
1744061840.001897,600037,21131153,0,131892244,123794460,123617884,0,741072,0,167980,5179880,94156,4632876,73824,547004,1048576,1048576,0,0,45552,0,5656912,426036,120028,86708,622356,86708,535648,24832,43688,0,0,0,65946120,8873360,34359738367,478588,0,53760,0,1118208,0,0,0,0,0,0,0,0,2048,0,341264,12144640,123731968
1744061841.001282,600037,21131153,0,131892244,123792836,123616296,0,741096,0,168160,5181380,94336,4634340,73824,547040,1048576,1048576,0,0,45576,0,5658480,426036,120028,86708,622356,86708,535648,24832,43688,0,0,0,65946120,8873360,34359738367,478588,0,53760,0,1118208,0,0,0,0,0,0,0,0,2048,0,341264,12144640,123731968
1744061842.001941,600037,21131153,0,131892244,123790960,123614420,0,741108,0,168720,5182620,94896,4635580,73824,547040,1048576,1048576,0,0,45588,0,5660368,426036,120028,86708,622356,86708,535648,24832,43708,0,0,0,65946120,8893236,34359738367,478588,0,53760,0,1118208,0,0,0,0,0,0,0,0,2048,0,341264,12144640,123731968
1744061843.002012,600037,21131153,0,131892244,123767076,123590536,0,741108,0,168720,5206428,94896,4659388,73824,547040,1048576,1048576,0,0,45376,0,5684232,426036,120028,86708,622356,86708,535648,24832,43708,0,0,0,65946120,8921780,34359738367,478588,0,53760,0,1118208,0,0,0,0,0,0,0,0,2048,0,341264,12144640,123731968
1744061844.001629,600037,21131153,0,131892244,123764868,123588648,0,741364,0,169024,5208416,95200,4661056,73824,547360,1048576,1048576,0,0,45632,0,5686148,426036,120028,86708,622380,86708,535672,24832,43756,0,0,0,65946120,8921780,34359738367,478588,0,53760,0,1118208,0,0,0,0,0,0,0,0,2048,0,341264,12144640,123731968
1744061845.000806,600037,21131153,0,131892244,123763188,123586968,0,741372,0,169884,5209296,96036,4661960,73848,547336,1048576,1048576,0,0,45640,0,5687852,426036,120028,86708,622380,86708,535672,24832,43756,0,0,0,65946120,8921780,34359738367,478588,0,53760,0,1118208,0,0,0,0,0,0,0,0,2048,0,341264,12144640,123731968
1744061846.001491,600037,21131153,0,131892244,123762676,123586456,0,741376,0,170200,5209400,96352,4662064,73848,547336,1048576,1048576,0,0,45644,0,5688368,426036,120028,86708,622388,86708,535680,24832,43756,0,0,0,65946120,8921780,34359738367,478588,0,53760,0,1118208,0,0,0,0,0,0,0,0,2048,0,341264,12144640,123731968
1744061847.001358,600037,21131153,0,131892244,123708840,123580820,0,789712,0,173072,5256536,96764,4663460,76308,593076,1048576,1048576,0,0,24348,0,5689952,426036,120028,86708,626132,86708,539424,24832,43776,0,0,0,65946120,8929120,34359738367,478588,0,53760,0,1118208,0,0,0,0,0,0,0,0,2048,0,341264,12144640,123731968
1744061848.001978,600037,21131153,0,131892244,123700648,123572628,0,789712,0,173072,5264216,96764,4671140,76308,593076,1048576,1048576,0,0,24128,0,5698172,426036,120028,86708,626148,86708,539440,24832,43776,0,0,0,65946120,8940216,34359738367,478588,0,53760,0,1118208,0,0,0,0,0,0,0,0,2048,0,341264,12144640,123731968
1744061849.002064,600037,21131153,0,131892244,123699612,123571620,0,789720,0,173788,5265052,97420,4672008,76368,593044,1048576,1048576,0,0,24136,0,5699224,426036,120028,86708,626148,86708,539440,24832,43792,0,0,0,65946120,8940216,34359738367,478588,0,53760,0,1118208,0,0,0,0,0,0,0,0,2048,0,341264,12144640,123731968
1744061850.013768,600037,21131153,0,131892244,123697524,123569756,0,789976,0,174380,5266488,98012,4673220,76368,593268,1048576,1048576,0,0,24392,0,5701068,426036,120028,86708,626164,86708,539456,24832,43792,0,0,0,65946120,8940216,34359738367,478588,0,53760,0,1118208,0,0,0,0,0,0,0,0,2048,0,341264,12144640,123731968
1744061851.001875,600037,21131153,0,131892244,123696740,123569016,0,789980,0,174500,5267028,98068,4673780,76432,593248,1048576,1048576,0,0,24396,0,5701844,426036,120028,86708,626164,86708,539456,24832,43792,0,0,0,65946120,8940216,34359738367,478588,0,53760,0,1118208,0,0,0,0,0,0,0,0,2048,0,341264,12144640,123731968
1744061852.001134,600037,21131153,0,131892244,123694304,123566580,0,789992,0,174824,5269056,98296,4675904,76528,593152,1048576,1048576,0,0,24408,0,5704256,426036,120028,86708,626164,86708,539456,24832,43792,0,0,0,65946120,8940216,34359738367,478588,0,53760,0,1118208,0,0,0,0,0,0,0,0,2048,0,341264,12144640,123731968
1744061853.001649,600037,21131153,0,131892244,123693120,123565396,0,789992,0,174840,5270256,98312,4677104,76528,593152,1048576,1048576,0,0,24072,0,5705448,426036,120028,86708,626172,86708,539464,24832,43792,0,0,0,65946120,8940216,34359738367,478588,0,53760,0,1118208,0,0,0,0,0,0,0,0,2048,0,341264,12144640,123731968
1744061854.001750,600037,21131153,0,131892244,123691768,123564064,0,790012,0,175136,5271388,98564,4678260,76572,593128,1048576,1048576,0,0,24100,0,5706804,426036,120028,86708,626180,86708,539472,24832,43808,0,0,0,65946120,8955216,34359738367,478588,0,53760,0,1118208,0,0,0,0,0,0,0,0,2048,0,341264,12144640,123731968
1744061855.001272,600037,21131153,0,131892244,123692020,123564384,0,790024,0,175488,5270888,98868,4677740,76620,593148,1048576,1048576,0,0,24112,0,5706572,426036,120028,86708,626180,86708,539472,24832,43808,0,0,0,65946120,8954924,34359738367,478588,0,53760,0,1118208,0,0,0,0,0,0,0,0,2048,0,341264,12144640,123731968
1744061856.001777,600037,21131153,0,131892244,123691756,123564120,0,790024,0,175544,5271024,98924,4677876,76620,593148,1048576,1048576,0,0,24112,0,5706820,426036,120028,86708,626164,86708,539456,24832,43808,0,0,0,65946120,8954924,34359738367,478588,0,53760,0,1118208,0,0,0,0,0,0,0,0,2048,0,341264,12144640,123731968
1744061857.001883,600037,21131153,0,131892244,123673244,123545884,0,790284,0,176476,5288692,99800,4695324,76676,593368,1048576,1048576,0,0,24372,0,5725024,426036,120028,86708,626196,86708,539488,24832,43852,0,0,0,65946120,8975404,34359738367,478588,0,53760,0,1118208,0,0,0,0,0,0,0,0,2048,0,341264,12144640,123731968
1744061858.001390,600037,21131153,0,131892244,123672992,123545632,0,790284,0,176476,5288932,99800,4695564,76676,593368,1048576,1048576,0,0,24156,0,5725272,426036,120028,86708,626196,86708,539488,24832,43852,0,0,0,65946120,8975404,34359738367,478588,0,53760,0,1118208,0,0,0,0,0,0,0,0,2048,0,341264,12144640,123731968
1744061859.001908,600037,21131153,0,131892244,123671256,123543928,0,790296,0,177052,5290156,100336,4696796,76716,593360,1048576,1048576,0,0,24168,0,5726984,426036,120028,86708,626196,86708,539488,24832,43852,0,0,0,65946120,8975404,34359738367,478588,0,53760,0,1118208,0,0,0,0,0,0,0,0,2048,0,341264,12144640,123731968
1744061860.001986,600037,21131153,0,131892244,123669344,123542016,0,790304,0,177472,5291596,100756,4698236,76716,593360,1048576,1048576,0,0,24176,0,5728936,426036,120028,86708,626204,86708,539496,24832,43852,0,0,0,65946120,8975404,34359738367,478588,0,53760,0,1118208,0,0,0,0,0,0,0,0,2048,0,341264,12144640,123731968
1744061861.001917,600037,21131153,0,131892244,123669120,123541796,0,790304,0,177472,5291900,100756,4698536,76716,593364,1048576,1048576,0,0,24176,0,5729140,426036,120028,86708,626204,86708,539496,24832,43852,0,0,0,65946120,8975404,34359738367,478588,0,53760,0,1118208,0,0,0,0,0,0,0,0,2048,0,341264,12144640,123731968
1744061862.001597,600037,21131153,0,131892244,123667356,123540088,0,790324,0,179184,5291928,102448,4698528,76736,593400,1048576,1048576,0,0,24196,0,5730868,426036,120028,86708,626204,86708,539496,24832,43852,0,0,0,65946120,8975404,34359738367,478588,0,53760,0,1118208,0,0,0,0,0,0,0,0,2048,0,341264,12144640,123731968
1744061863.001678,600037,21131153,0,131892244,123613408,123534168,0,838864,0,182108,5338576,102892,4699628,79216,638948,1048576,1048576,0,0,46728,0,5731896,426036,120028,86708,629972,86708,543264,24832,43856,0,0,0,65946120,8976912,34359738367,478588,0,53760,0,1118208,0,0,0,0,0,0,0,0,2048,0,341264,12144640,123731968
1744061864.002314,600037,21131153,0,131892244,123612488,123533636,0,838868,0,182768,5339536,103368,4700384,79400,639152,1048576,1048576,0,0,46732,0,5733372,426036,120028,86708,629972,86708,543264,24832,43856,0,0,0,65946120,8976912,34359738367,478588,0,53760,0,1118208,0,0,0,0,0,0,0,0,2048,0,341264,12144640,123731968
1744061865.001411,600037,21131153,0,131892244,123611368,123532548,0,838880,0,182768,5340668,103368,4701484,79400,639184,1048576,1048576,0,0,46744,0,5734512,426036,120028,86708,629972,86708,543264,24832,43864,0,0,0,65946120,8984904,34359738367,478588,0,53760,0,1118208,0,0,0,0,0,0,0,0,2048,0,341264,12144640,123731968
1744061866.002022,600037,21131153,0,131892244,123610780,123531960,0,838880,0,183188,5340668,103720,4701552,79468,639116,1048576,1048576,0,0,46744,0,5735132,426036,120028,86708,629972,86708,543264,24832,43864,0,0,0,65946120,8984904,34359738367,478588,0,53760,0,1118208,0,0,0,0,0,0,0,0,2048,0,341264,12144640,123731968
1744061867.001012,600037,21131153,0,131892244,123608960,123530168,0,838888,0,184144,5341392,104676,4702248,79468,639144,1048576,1048576,0,0,46752,0,5736844,426036,120028,86708,629972,86708,543264,24832,43864,0,0,0,65946120,8984904,34359738367,478588,0,53760,0,1118208,0,0,0,0,0,0,0,0,2048,0,341264,12144640,123731968
1744061868.001681,600037,21131153,0,131892244,123608784,123529992,0,838888,0,184144,5341572,104676,4702428,79468,639144,1048576,1048576,0,0,45052,0,5737052,426036,120028,86708,629980,86708,543272,24832,43864,0,0,0,65946120,8984904,34359738367,478588,0,53760,0,1118208,0,0,0,0,0,0,0,0,2048,0,341264,12144640,123731968
1744061869.001761,600037,21131153,0,131892244,123607188,123528416,0,838908,0,184456,5342852,104932,4703744,79524,639108,1048576,1048576,0,0,45076,0,5738608,426036,120028,86708,629980,86708,543272,24832,43864,0,0,0,65946120,8984904,34359738367,478588,0,53760,0,1118208,0,0,0,0,0,0,0,0,2048,0,341264,12144640,123731968
1744061870.013004,600037,21131153,0,131892244,123606360,123527888,0,839164,0,184636,5343616,105112,4704208,79524,639408,1048576,1048576,0,0,45332,0,5739156,426036,120028,86708,629996,86708,543288,24832,43864,0,0,0,65946120,8984904,34359738367,478588,0,53760,0,1118208,0,0,0,0,0,0,0,0,2048,0,341264,12144640,123731968
1744061871.001099,600037,21131153,0,131892244,123605100,123526628,0,839172,0,185252,5344140,105688,4704772,79564,639368,1048576,1048576,0,0,45340,0,5740404,426036,120028,86708,629996,86708,543288,24832,43864,0,0,0,65946120,8984904,34359738367,478588,0,53760,0,1118208,0,0,0,0,0,0,0,0,2048,0,341264,12144640,123731968
1744061872.001613,600037,21131153,0,131892244,123603756,123525320,0,839184,0,185300,5345532,105736,4706128,79564,639404,1048576,1048576,0,0,45352,0,5741780,426036,120028,86708,629996,86708,543288,24832,43864,0,0,0,65946120,8984904,34359738367,478588,0,53760,0,1118208,0,0,0,0,0,0,0,0,2048,0,341264,12144640,123731968
1744061873.002114,600037,21131153,0,131892244,123603308,123524872,0,839184,0,185360,5345952,105796,4706548,79564,639404,1048576,1048576,0,0,45352,0,5742176,426036,120028,86708,629996,86708,543288,24832,43864,0,0,0,65946120,8984904,34359738367,478588,0,53760,0,1118208,0,0,0,0,0,0,0,0,2048,0,341264,12144640,123731968
1744061874.001191,600037,21131153,0,131892244,123601656,123523224,0,839192,0,185752,5347068,106188,4707660,79564,639408,1048576,1048576,0,0,45360,0,5743856,426036,120028,86708,629996,86708,543288,24832,43868,0,0,0,65946120,8984904,34359738367,478588,0,53760,0,1118208,0,0,0,0,0,0,0,0,2048,0,341264,12144640,123731968
1744061875.001663,600037,21131153,0,131892244,123601404,123522972,0,839192,0,185752,5347428,106188,4708020,79564,639408,1048576,1048576,0,0,45360,0,5744084,426036,120028,86708,629996,86708,543288,24832,43868,0,0,0,65946120,8984904,34359738367,478588,0,53760,0,1118208,0,0,0,0,0,0,0,0,2048,0,341264,12144640,123731968
1744061876.002165,600037,21131153,0,131892244,123600004,123521580,0,839204,0,186400,5348280,106820,4708880,79580,639400,1048576,1048576,0,0,45372,0,5745588,426036,120028,86708,629996,86708,543288,24832,43868,0,0,0,65946120,8984904,34359738367,478588,0,53760,0,1118208,0,0,0,0,0,0,0,0,2048,0,341264,12144640,123731968
1744061877.001270,600037,21131153,0,131892244,123599132,123520976,0,839468,0,186400,5349240,106820,4709572,79580,639668,1048576,1048576,0,0,45632,0,5746156,426040,120032,86708,630028,86708,543320,24832,43868,0,0,0,65946120,8984904,34359738367,478588,0,53760,0,1118208,0,0,0,0,0,0,0,0,2048,0,341264,12144640,123731968
1744061878.001129,600037,21131153,0,131892244,123597872,123519716,0,839472,0,186840,5350000,107260,4710332,79580,639668,1048576,1048576,0,0,45636,0,5747400,426040,120032,86708,630028,86708,543320,24832,43868,0,0,0,65946120,8984904,34359738367,478604,0,53760,0,1118208,0,0,0,0,0,0,0,0,2048,0,341264,12144640,123731968
1744061879.001610,600037,21131153,0,131892244,123596428,123518400,0,839580,0,186892,5351376,107312,4711580,79580,639796,1048576,1048576,0,0,45416,0,5748740,426044,120032,86708,630044,86708,543336,24832,43868,0,0,0,65946120,8984904,34359738367,478604,0,53760,0,1118208,0,0,0,0,0,0,0,0,2048,0,341264,12144640,123731968
1744061880.001727,600037,21131153,0,131892244,123595944,123517920,0,839584,0,187132,5351676,107552,4711876,79580,639800,1048576,1048576,0,0,45424,0,5749192,426044,120032,86708,630052,86708,543344,24832,43868,0,0,0,65946120,8992536,34359738367,478604,0,53760,0,1118208,0,0,0,0,0,0,0,0,2048,0,341264,12144640,123731968
1744061881.001016,600037,21131153,0,131892244,123542128,123512208,0,887968,0,190224,5398352,108096,4712996,82128,685356,1048576,1048576,0,0,56944,0,5750724,426044,120032,86708,633860,86708,547152,24832,43876,0,0,0,65946120,8994272,34359738367,478604,0,53760,0,1118208,0,0,0,0,0,0,0,0,2048,0,341264,12144640,123731968
1744061882.001658,600037,21131153,0,131892244,123541932,123512012,0,887968,0,190224,5398412,108096,4713056,82128,685356,1048576,1048576,0,0,56944,0,5750852,426044,120032,86708,633860,86708,547152,24832,43876,0,0,0,65946120,8994272,34359738367,478604,0,53760,0,1118208,0,0,0,0,0,0,0,0,2048,0,341264,12144640,123731968
1744061883.001726,600037,21131153,0,131892244,123523964,123494120,0,887980,0,191168,5415508,108928,4730188,82240,685320,1048576,1048576,0,0,56956,0,5768868,426044,120032,86708,633860,86708,547152,24832,43912,0,0,0,65946120,9010860,34359738367,478604,0,53760,0,1118208,0,0,0,0,0,0,0,0,2048,0,341264,12144640,123731968
1744061884.002292,600037,21131153,0,131892244,123523472,123493848,0,888208,0,191168,5415928,108928,4730388,82240,685540,1048576,1048576,0,0,56864,0,5769096,426044,120032,86708,633876,86708,547168,24832,43912,0,0,0,65946120,9010860,34359738367,478604,0,53760,0,1118208,0,0,0,0,0,0,0,0,2048,0,341264,12144640,123731968
1744061885.001406,600037,21131153,0,131892244,123522044,123492516,0,888248,0,191748,5416848,109428,4731292,82320,685556,1048576,1048576,0,0,56904,0,5770524,426044,120032,86708,633876,86708,547168,24832,43940,0,0,0,65946120,9031348,34359738367,478604,0,53760,0,1118208,0,0,0,0,0,0,0,0,2048,0,341264,12144640,123731968
1744061886.002077,600037,21131153,0,131892244,123521288,123491760,0,888256,0,191748,5417628,109428,4732072,82320,685556,1048576,1048576,0,0,56912,0,5771272,426044,120032,86708,633876,86708,547168,24832,43940,0,0,0,65946120,9031348,34359738367,478604,0,53760,0,1118208,0,0,0,0,0,0,0,0,2048,0,341264,12144640,123731968
1744061887.001185,600037,21131153,0,131892244,123520364,123490972,0,888260,0,192184,5418076,109764,4732484,82420,685592,1048576,1048576,0,0,56916,0,5772136,426044,120032,86708,633876,86708,547168,24832,43940,0,0,0,65946120,9031348,34359738367,478604,0,53760,0,1118208,0,0,0,0,0,0,0,0,2048,0,341264,12144640,123731968
1744061888.001789,600037,21131153,0,131892244,123519188,123489796,0,888264,0,192184,5419264,109764,4733672,82420,685592,1048576,1048576,0,0,56920,0,5773356,426044,120032,86708,633876,86708,547168,24832,43940,0,0,0,65946120,9031348,34359738367,478604,0,53760,0,1118208,0,0,0,0,0,0,0,0,2048,0,341264,12144640,123731968
1744061889.001875,600037,21131153,0,131892244,123518712,123489328,0,888268,0,192580,5419348,110160,4733748,82420,685600,1048576,1048576,0,0,56704,0,5773804,426044,120032,86708,633876,86708,547168,24832,43940,0,0,0,65946120,9031348,34359738367,478604,0,53760,0,1118208,0,0,0,0,0,0,0,0,2048,0,341264,12144640,123731968
1744061890.012800,600037,21131153,0,131892244,123514216,123484832,0,888280,0,194716,5421752,112240,4736208,82476,685544,1048576,1048576,0,0,56716,0,5778300,426044,120032,86708,633892,86708,547184,24832,43952,0,0,0,65946120,9039980,34359738367,478604,0,53760,0,1118208,0,0,0,0,0,0,0,0,2048,0,341264,12144640,123731968
1744061891.001837,600037,21131153,0,131892244,123513992,123484608,0,888280,0,194716,5421872,112240,4736328,82476,685544,1048576,1048576,0,0,56716,0,5778452,426044,120032,86708,633892,86708,547184,24832,43952,0,0,0,65946120,9039980,34359738367,478604,0,53760,0,1118208,0,0,0,0,0,0,0,0,2048,0,341264,12144640,123731968
1744061892.001109,600037,21131153,0,131892244,123512408,123483296,0,888548,0,196224,5422072,113748,4736256,82476,685816,1048576,1048576,0,0,56984,0,5779836,426044,120032,86708,633908,86708,547200,24832,43952,0,0,0,65946120,9039980,34359738367,478604,0,53760,0,1118208,0,0,0,0,0,0,0,0,2048,0,341264,12144640,123731968
1744061893.001569,600037,21131153,0,131892244,123512184,123483072,0,888556,0,196224,5422372,113748,4736556,82476,685816,1048576,1048576,0,0,56992,0,5780040,426044,120032,86708,633908,86708,547200,24832,43952,0,0,0,65946120,9039980,34359738367,478604,0,53760,0,1118208,0,0,0,0,0,0,0,0,2048,0,341264,12144640,123731968
1744061894.001676,600037,21131153,0,131892244,123510752,123481680,0,888564,0,196468,5423416,113956,4737596,82512,685820,1048576,1048576,0,0,1812,0,5781372,426044,120032,86708,633940,86708,547232,24832,43956,0,0,0,65946120,9039980,34359738367,478604,0,53760,0,1118208,0,0,0,0,0,0,0,0,2048,0,341264,12144640,123731968
1744061895.002098,600037,21131153,0,131892244,123510612,123481540,0,888564,0,196468,5423536,113956,4737716,82512,685820,1048576,1048576,0,0,1812,0,5781596,426044,120032,86708,633940,86708,547232,24832,43956,0,0,0,65946120,9039980,34359738367,478604,0,53760,0,1118208,0,0,0,0,0,0,0,0,2048,0,341264,12144640,123731968
1744061896.001604,600037,21131153,0,131892244,123509400,123480344,0,888572,0,197260,5424192,114744,4738360,82516,685832,1048576,1048576,0,0,1820,0,5782848,426044,120032,86708,633948,86708,547240,24832,43960,0,0,0,65946120,9039980,34359738367,478604,0,53760,0,1118208,0,0,0,0,0,0,0,0,2048,0,341264,12144640,123731968
1744061897.001688,600037,21131153,0,131892244,123508576,123479596,0,888584,0,197260,5424972,114744,4739064,82516,685908,1048576,1048576,0,0,1832,0,5783592,426044,120032,86708,634044,86708,547336,24832,43960,0,0,0,65946120,9039980,34359738367,478604,0,53760,0,1118208,0,0,0,0,0,0,0,0,2048,0,341264,12144640,123731968
1744061898.002113,600037,21131153,0,131892244,123507752,123478832,0,888588,0,197652,5425392,115136,4739424,82516,685968,1048576,1048576,0,0,1836,0,5784360,426044,120032,86708,634084,86708,547376,24848,43960,0,0,0,65946120,9039980,34359738367,478620,0,53760,0,1118208,0,0,0,0,0,0,0,0,2048,0,341264,12144640,123731968
1744061899.001267,600037,21131153,0,131892244,123454492,123473696,0,937184,0,200836,5471428,115660,4739996,85176,731432,1048576,1048576,0,0,13256,0,5785140,426044,120032,86708,637924,86708,551216,24848,43960,0,0,0,65946120,9039748,34359738367,478620,0,53760,0,1118208,0,0,0,0,0,0,0,0,2048,0,341264,12144640,123731968
1744061900.001357,600037,21131153,0,131892244,123453848,123473276,0,937188,0,201020,5471852,115716,4740324,85304,731528,1048576,1048576,0,0,13260,0,5785768,426044,120032,86708,637924,86708,551216,24848,43960,0,0,0,65946120,9039748,34359738367,478620,0,53760,0,1118208,0,0,0,0,0,0,0,0,2048,0,341264,12144640,123731968
1744061901.001356,600037,21131153,0,131892244,123452728,123472180,0,937192,0,201020,5472932,115716,4741380,85304,731552,1048576,1048576,0,0,13264,0,5786880,426044,120032,86708,637924,86708,551216,24848,43960,0,0,0,65946120,9039748,34359738367,478620,0,53760,0,1118208,0,0,0,0,0,0,0,0,2048,0,341264,12144640,123731968
1744061902.001932,600037,21131153,0,131892244,123452392,123471844,0,937208,0,201140,5473172,115776,4741680,85364,731492,1048576,1048576,0,0,13280,0,5787200,426044,120032,86708,637924,86708,551216,24848,43960,0,0,0,65946120,9039748,34359738367,478620,0,53760,0,1118208,0,0,0,0,0,0,0,0,2048,0,341264,12144640,123731968
1744061903.002023,600037,21131153,0,131892244,123450740,123470236,0,937212,0,201256,5474616,115892,4743080,85364,731536,1048576,1048576,0,0,13284,0,5788776,426044,120032,86708,637924,86708,551216,24848,43960,0,0,0,65946120,9039748,34359738367,478620,0,53760,0,1118208,0,0,0,0,0,0,0,0,2048,0,341264,12144640,123731968
1744061904.001612,600037,21131153,0,131892244,123450712,123470208,0,937216,0,201256,5474676,115892,4743140,85364,731536,1048576,1048576,0,0,13024,0,5788872,426044,120032,86708,637924,86708,551216,24848,43960,0,0,0,65946120,9039748,34359738367,478620,0,53760,0,1118208,0,0,0,0,0,0,0,0,2048,0,341264,12144640,123731968
1744061905.001705,600037,21131153,0,131892244,123449452,123469024,0,937224,0,201352,5475904,115988,4744292,85364,731612,1048576,1048576,0,0,13032,0,5790132,426044,120032,86708,637924,86708,551216,24848,43960,0,0,0,65946120,9039748,34359738367,478620,0,53760,0,1118208,0,0,0,0,0,0,0,0,2048,0,341264,12144640,123731968
1744061906.002255,600037,21131153,0,131892244,123449284,123468856,0,937224,0,201352,5476024,115988,4744412,85364,731612,1048576,1048576,0,0,13032,0,5790288,426044,120032,86708,637924,86708,551216,24848,43960,0,0,0,65946120,9039748,34359738367,478620,0,53760,0,1118208,0,0,0,0,0,0,0,0,2048,0,341264,12144640,123731968
1744061907.001361,600037,21131153,0,131892244,123447676,123467504,0,937504,0,201732,5477228,116368,4745360,85364,731868,1048576,1048576,0,0,13296,0,5791668,426060,120048,86708,637908,86708,551200,24848,43960,0,0,0,65946120,9039748,34359738367,478620,0,53760,0,1118208,0,0,0,0,0,0,0,0,2048,0,341264,12144640,123731968
1744061908.001921,600037,21131153,0,131892244,123447480,123467384,0,937508,0,201732,5477528,116368,4745584,85364,731944,1048576,1048576,0,0,13300,0,5791880,426060,120048,86708,637908,86708,551200,24848,43960,0,0,0,65946120,9039748,34359738367,478620,0,53760,0,1118208,0,0,0,0,0,0,0,0,2048,0,341264,12144640,123731968
1744061909.002004,600037,21131153,0,131892244,123444540,123464460,0,937520,0,203628,5478432,118220,4746516,85408,731916,1048576,1048576,0,0,13092,0,5794732,426060,120048,86708,637908,86708,551200,24848,43964,0,0,0,65946120,9039748,34359738367,478620,0,53760,0,1118208,0,0,0,0,0,0,0,0,2048,0,341264,12144640,123731968
1744061910.013061,600037,21131153,0,131892244,123444288,123464208,0,937528,0,203628,5478732,118220,4746816,85408,731916,1048576,1048576,0,0,13104,0,5794960,426060,120048,86708,637908,86708,551200,24848,43964,0,0,0,65946120,9039748,34359738367,478620,0,53760,0,1118208,0,0,0,0,0,0,0,0,2048,0,341264,12144640,123731968
1744061911.001159,600037,21131153,0,131892244,123443112,123463032,0,937536,0,205008,5478672,119600,4746756,85408,731916,1048576,1048576,0,0,13112,0,5796184,426060,120048,86708,637908,86708,551200,24848,43964,0,0,0,65946120,9039748,34359738367,478620,0,53760,0,1118208,0,0,0,0,0,0,0,0,2048,0,341264,12144640,123731968
1744061912.001566,600037,21131153,0,131892244,123452996,123472916,0,937536,0,205008,5468652,119600,4736736,85408,731916,1048576,1048576,0,0,13112,0,5786304,426060,120048,86708,637908,86708,551200,24848,43964,0,0,0,65946120,9047500,34359738367,478620,0,53760,0,1118208,0,0,0,0,0,0,0,0,2048,0,341264,12144640,123731968
1744061913.002019,600037,21131153,0,131892244,123441628,123461604,0,937544,0,205368,5479788,119884,4747892,85484,731896,1048576,1048576,0,0,13120,0,5797636,426060,120048,86708,637908,86708,551200,24848,43972,0,0,0,65946120,9047500,34359738367,478620,0,53760,0,1118208,0,0,0,0,0,0,0,0,2048,0,341264,12144640,123731968
1744061914.001129,600037,21131153,0,131892244,123477464,123497720,0,937808,0,205368,5443860,119884,4711684,85484,732176,1048576,1048576,0,0,13372,0,5761556,426060,120048,86708,637940,86708,551232,24848,43972,0,0,0,65946120,9046348,34359738367,478620,0,53760,0,1118208,0,0,0,0,0,0,0,0,2048,0,341264,12144640,123731968
1744061915.001557,600037,21131153,0,131892244,123446020,123466276,0,937828,0,205824,5474880,120328,4742716,85496,732164,1048576,1048576,0,0,13384,0,5792956,426072,120060,86708,637940,86708,551232,24848,43972,0,0,0,65946120,9046348,34359738367,478620,0,53760,0,1118208,0,0,0,0,0,0,0,0,2048,0,341264,12144640,123731968
1744061916.002024,600037,21131153,0,131892244,123445740,123466000,0,937828,0,205824,5475120,120328,4742952,85496,732168,1048576,1048576,0,0,13384,0,5793176,426072,120060,86708,637940,86708,551232,24848,43972,0,0,0,65946120,9046348,34359738367,478620,0,53760,0,1118208,0,0,0,0,0,0,0,0,2048,0,341264,12144640,123731968
1744061917.001137,600037,21131153,0,131892244,123444340,123464600,0,937836,0,206588,5475736,121092,4743568,85496,732168,1048576,1048576,0,0,13392,0,5794580,426072,120060,86708,637940,86708,551232,24848,43972,0,0,0,65946120,9046348,34359738367,478620,0,53760,0,1118208,0,0,0,0,0,0,0,0,2048,0,341264,12144640,123731968
1744061918.001109,600037,21131153,0,131892244,123394492,123460836,0,984376,0,208428,5520640,121364,4743956,87064,776684,1048576,1048576,0,0,19596,0,5794700,426072,120060,86708,641556,86708,554848,24848,43972,0,0,0,65946120,9045864,34359738367,478620,0,53760,0,1118208,0,0,0,0,0,0,0,0,2048,0,341264,12144640,123731968
1744061919.001586,600037,21131153,0,131892244,123390600,123459072,0,986188,0,209568,5522740,121468,4744964,88100,777776,1048576,1048576,0,0,23528,0,5796084,426072,120060,86708,641700,86708,554992,24848,43972,0,0,0,65946120,9045864,34359738367,478620,0,53760,0,1118208,0,0,0,0,0,0,0,0,2048,0,341264,12144640,123731968
1744061920.001671,600037,21131153,0,131892244,123390404,123458880,0,986196,0,209568,5522920,121468,4745140,88100,777780,1048576,1048576,0,0,23544,0,5796280,426072,120060,86708,641700,86708,554992,24848,43972,0,0,0,65946120,9045864,34359738367,478620,0,53760,0,1118208,0,0,0,0,0,0,0,0,2048,0,341264,12144640,123731968
1744061921.001448,600037,21131153,0,131892244,123389060,123457568,0,986200,0,210392,5523356,122228,4745608,88164,777748,1048576,1048576,0,0,23548,0,5797644,426072,120060,86708,641700,86708,554992,24848,43972,0,0,0,65946120,9045864,34359738367,478620,0,53760,0,1118208,0,0,0,0,0,0,0,0,2048,0,341264,12144640,123731968
1744061922.001240,600037,21131153,0,131892244,123388720,123457228,0,986240,0,210452,5523536,122288,4745788,88164,777748,1048576,1048576,0,0,23580,0,5797824,426080,120068,86708,641844,86708,555136,24848,43972,0,0,0,65946120,9045864,34359738367,478620,0,53760,0,1118208,0,0,0,0,0,0,0,0,2048,0,341264,12144640,123731968
1744061923.001323,600037,21131153,0,131892244,123387152,123455884,0,986516,0,210612,5525116,122412,4747180,88200,777936,1048576,1048576,0,0,23812,0,5799224,426124,120112,86708,641732,86708,555024,24848,43972,0,0,0,65946120,9045864,34359738367,478620,0,53760,0,1118208,0,0,0,0,0,0,0,0,2048,0,341264,12144640,123731968
1744061924.001899,600037,21131153,0,131892244,123386956,123455708,0,986516,0,210612,5525356,122412,4747400,88200,777956,1048576,1048576,0,0,23812,0,5799428,426124,120112,86708,641732,86708,555024,24848,43972,0,0,0,65946120,9045864,34359738367,478620,0,53760,0,1118208,0,0,0,0,0,0,0,0,2048,0,341264,12144640,123731968
1744061925.001978,600037,21131153,0,131892244,123385604,123454396,0,986524,0,210912,5526136,122668,4748184,88244,777952,1048576,1048576,0,0,23596,0,5800752,426124,120112,86708,641740,86708,555032,24848,43972,0,0,0,65946120,9045864,34359738367,478620,0,53760,0,1118208,0,0,0,0,0,0,0,0,2048,0,341264,12144640,123731968
1744061926.001522,600037,21131153,0,131892244,123385464,123454256,0,986524,0,210912,5526436,122668,4748484,88244,777952,1048576,1048576,0,0,23596,0,5800920,426124,120112,86708,641740,86708,555032,24848,43972,0,0,0,65946120,9045864,34359738367,478620,0,53760,0,1118208,0,0,0,0,0,0,0,0,2048,0,341264,12144640,123731968
1744061927.001623,600037,21131153,0,131892244,123384036,123452908,0,986540,0,210912,5527816,122668,4749784,88244,778032,1048576,1048576,0,0,23612,0,5802304,426124,120112,86708,641740,86708,555032,24848,43972,0,0,0,65946120,9045864,34359738367,478620,0,53760,0,1118208,0,0,0,0,0,0,0,0,2048,0,341264,12144640,123731968
1744061928.002191,600037,21131153,0,131892244,123383868,123452740,0,986552,0,210912,5527996,122668,4749964,88244,778032,1048576,1048576,0,0,23624,0,5802488,426124,120112,86708,641740,86708,555032,24848,43972,0,0,0,65946120,9045864,34359738367,478620,0,53760,0,1118208,0,0,0,0,0,0,0,0,2048,0,341264,12144640,123731968
1744061929.001295,600037,21131153,0,131892244,123382488,123451360,0,986556,0,211004,5529464,122760,4751432,88244,778032,1048576,1048576,0,0,23628,0,5803876,426124,120112,86708,641748,86708,555040,24848,43972,0,0,0,65946120,9045864,34359738367,478620,0,53760,0,1118208,0,0,0,0,0,0,0,0,2048,0,341264,12144640,123731968
1744061930.017394,600037,21131153,0,131892244,123382192,123451064,0,986564,0,211004,5529664,122760,4751632,88244,778032,1048576,1048576,0,0,752,0,5804116,426124,120112,86708,641820,86708,555112,24848,43976,0,0,0,65946120,9045864,34359738367,478620,0,53760,0,1118208,0,0,0,0,0,0,0,0,2048,0,341264,12144640,123731968
1744061931.001445,600037,21131153,0,131892244,123382164,123451036,0,986580,0,211120,5529548,122848,4751544,88272,778004,1048576,1048576,0,0,760,0,5804116,426132,120120,86708,641820,86708,555112,24848,43976,0,0,0,65946120,9045864,34359738367,478620,0,53760,0,1118208,0,0,0,0,0,0,0,0,2048,0,341264,12144640,123731968
1744061932.001101,600037,21131153,0,131892244,123366036,123434908,0,986604,0,211120,5545676,122848,4767672,88272,778004,1048576,1048576,0,0,780,0,5820244,426136,120124,86708,641820,86708,555112,24848,43976,0,0,0,65946120,9062388,34359738367,478620,0,53760,0,1118208,0,0,0,0,0,0,0,0,2048,0,341264,12144640,123731968
1744061933.001652,600037,21131153,0,131892244,123362288,123431396,0,986836,0,211556,5548916,123276,4770684,88280,778232,1048576,1048576,0,0,1012,0,5823752,426136,120124,86708,641844,86708,555136,24848,44012,0,0,0,65946120,9071160,34359738367,478620,0,53760,0,1118208,0,0,0,0,0,0,0,0,2048,0,341264,12144640,123731968
1744061934.001730,600037,21131153,0,131892244,123362064,123431172,0,986836,0,211556,5549096,123276,4770864,88280,778232,1048576,1048576,0,0,1012,0,5823964,426136,120124,86708,641844,86708,555136,24848,44012,0,0,0,65946120,9071160,34359738367,478620,0,53760,0,1118208,0,0,0,0,0,0,0,0,2048,0,341264,12144640,123731968
1744061935.001234,600037,21131153,0,131892244,123360664,123429796,0,986844,0,213200,5548980,124860,4770784,88340,778196,1048576,1048576,0,0,1020,0,5825408,426136,120124,86708,641844,86708,555136,24848,44012,0,0,0,65946120,9071160,34359738367,478620,0,53760,0,1118208,0,0,0,0,0,0,0,0,2048,0,341264,12144640,123731968
1744061936.001781,600037,21131153,0,131892244,123360468,123429600,0,986848,0,213200,5549164,124860,4770968,88340,778196,1048576,1048576,0,0,1024,0,5825596,426136,120124,86708,641844,86708,555136,24848,44012,0,0,0,65946120,9071160,34359738367,478620,0,53760,0,1118208,0,0,0,0,0,0,0,0,2048,0,341264,12144640,123731968
1744061937.001858,600037,21131153,0,131892244,123359036,123428240,0,986856,0,213284,5550536,124944,4772268,88340,778268,1048576,1048576,0,0,1032,0,5826984,426136,120124,86708,641876,86708,555168,24848,44012,0,0,0,65946120,9071160,34359738367,478620,0,53760,0,1118208,0,0,0,0,0,0,0,0,2048,0,341264,12144640,123731968
1744061938.001335,600037,21131153,0,131892244,123358756,123427960,0,986864,0,213284,5550660,124944,4772392,88340,778268,1048576,1048576,0,0,1040,0,5827204,426136,120124,86708,641876,86708,555168,24848,44012,0,0,0,65946120,9071160,34359738367,478620,0,53760,0,1118208,0,0,0,0,0,0,0,0,2048,0,341264,12144640,123731968
1744061939.001873,600037,21131153,0,131892244,123357292,123426516,0,986876,0,213388,5551996,125048,4773708,88340,778288,1048576,1048576,0,0,1052,0,5828608,426136,120124,86708,641884,86708,555176,24848,44012,0,0,0,65946120,9071160,34359738367,478620,0,53760,0,1118208,0,0,0,0,0,0,0,0,2048,0,341264,12144640,123731968
1744061940.001945,600037,21131153,0,131892244,123301856,123416012,0,1032632,0,214740,5596416,125084,4774512,89656,821904,1048576,1048576,0,0,42008,2032,5829164,426144,120132,86708,644060,86708,557352,24848,44016,0,0,0,65946120,9074724,34359738367,478620,0,53760,0,1118208,0,0,0,0,0,0,0,0,2048,0,341264,12144640,123731968
1744061941.001147,600037,21131153,0,131892244,124041248,124160236,0,1036772,0,214760,4861876,123448,4036792,91312,825084,1048576,1048576,0,0,47160,0,5089172,427128,120200,86700,645932,86700,559232,24848,42348,0,0,0,65946120,8275652,34359738367,478732,0,53760,0,1118208,0,0,0,0,0,0,0,0,2048,0,341264,12144640,123731968
1744061942.001615,600037,21131153,0,131892244,124041360,124160348,0,1036772,0,214760,4861848,123448,4036764,91312,825084,1048576,1048576,0,0,47160,0,5089172,427128,120200,86700,645932,86700,559232,24864,42348,0,0,0,65946120,8275652,34359738367,478732,0,53760,0,1118208,0,0,0,0,0,0,0,0,2048,0,341264,12144640,123731968
1744061943.001666,600037,21131153,0,131892244,124041360,124160348,0,1036772,0,214760,4861888,123448,4036804,91312,825084,1048576,1048576,0,0,47160,0,5089172,427128,120200,86700,645932,86700,559232,24864,42348,0,0,0,65946120,8275652,34359738367,478732,0,53760,0,1118208,0,0,0,0,0,0,0,0,2048,0,341264,12144640,123731968
1744061944.002062,600037,21131153,0,131892244,124040324,124160572,0,1038068,0,214760,4863148,123448,4036804,91312,826344,1048576,1048576,0,0,46156,0,5089204,427980,120200,86700,645932,86700,559232,24864,42412,0,0,0,65946120,8275652,34359738367,478732,0,53760,0,1118208,0,0,0,0,0,0,0,0,2048,0,341264,12144640,123731968
1744061945.001112,600037,21131153,0,131892244,124040328,124160576,0,1038068,0,214760,4863148,123448,4036804,91312,826344,1048576,1048576,0,0,45924,0,5089204,427980,120200,86700,645932,86700,559232,24864,42412,0,0,0,65946120,8275652,34359738367,478732,0,53760,0,1118208,0,0,0,0,0,0,0,0,2048,0,341264,12144640,123731968
1744061946.001503,600037,21131153,0,131892244,124040328,124160576,0,1038068,0,214760,4863148,123448,4036804,91312,826344,1048576,1048576,0,0,45924,0,5089204,427980,120200,86700,645932,86700,559232,24864,42412,0,0,0,65946120,8275652,34359738367,478732,0,53760,0,1118208,0,0,0,0,0,0,0,0,2048,0,341264,12144640,123731968
1744061947.001555,600037,21131153,0,131892244,124040328,124160576,0,1038068,0,214760,4863148,123448,4036804,91312,826344,1048576,1048576,0,0,45924,0,5089204,427980,120200,86700,645932,86700,559232,24864,42412,0,0,0,65946120,8275652,34359738367,478732,0,53760,0,1118208,0,0,0,0,0,0,0,0,2048,0,341264,12144640,123731968
1744061948.001947,600037,21131153,0,131892244,124040356,124160604,0,1038068,0,214760,4863148,123448,4036804,91312,826344,1048576,1048576,0,0,45924,0,5089204,427980,120200,86700,645932,86700,559232,24864,42412,0,0,0,65946120,8275652,34359738367,478732,0,53760,0,1118208,0,0,0,0,0,0,0,0,2048,0,341264,12144640,123731968
1744061949.001998,600037,21131153,0,131892244,124040356,124160604,0,1038068,0,214760,4863148,123448,4036804,91312,826344,1048576,1048576,0,0,45924,0,5089204,427980,120200,86700,645932,86700,559232,24864,42412,0,0,0,65946120,8275652,34359738367,478732,0,53760,0,1118208,0,0,0,0,0,0,0,0,2048,0,341264,12144640,123731968
1744061950.013002,600037,21131153,0,131892244,124040388,124160636,0,1038068,0,214760,4863148,123448,4036804,91312,826344,1048576,1048576,0,0,45924,0,5089204,427980,120200,86700,645900,86700,559200,24864,42412,0,0,0,65946120,8275652,34359738367,478732,0,53760,0,1118208,0,0,0,0,0,0,0,0,2048,0,341264,12144640,123731968
1744061951.001044,600037,21131153,0,131892244,124040388,124160636,0,1038068,0,214760,4863148,123448,4036804,91312,826344,1048576,1048576,0,0,45924,0,5089204,427980,120200,86700,645900,86700,559200,24864,42412,0,0,0,65946120,8275652,34359738367,478732,0,53760,0,1118208,0,0,0,0,0,0,0,0,2048,0,341264,12144640,123731968
1744061952.001304,600037,21131153,0,131892244,124040416,124160664,0,1038068,0,214760,4863192,123448,4036848,91312,826344,1048576,1048576,0,0,45924,0,5089204,427980,120200,86700,645900,86700,559200,24848,42412,0,0,0,65946120,8275652,34359738367,478716,0,53760,0,1118208,0,0,0,0,0,0,0,0,2048,0,341264,12144640,123731968
1744061953.001647,600037,21131153,0,131892244,124040416,124160664,0,1038068,0,214760,4863192,123448,4036848,91312,826344,1048576,1048576,0,0,45924,0,5089204,427980,120200,86700,645900,86700,559200,24848,42412,0,0,0,65946120,8275652,34359738367,478716,0,53760,0,1118208,0,0,0,0,0,0,0,0,2048,0,341264,12144640,123731968
1744061954.001698,600037,21131153,0,131892244,124040416,124160664,0,1038068,0,214760,4863192,123448,4036848,91312,826344,1048576,1048576,0,0,45924,0,5089204,427980,120200,86700,645900,86700,559200,24848,42412,0,0,0,65946120,8275652,34359738367,478716,0,53760,0,1118208,0,0,0,0,0,0,0,0,2048,0,341264,12144640,123731968
1744061955.001957,600037,21131153,0,131892244,124040400,124160648,0,1038068,0,214760,4863192,123448,4036848,91312,826344,1048576,1048576,0,0,45636,0,5089204,427980,120200,86700,645916,86700,559216,24848,42412,0,0,0,65946120,8275652,34359738367,478716,0,53760,0,1118208,0,0,0,0,0,0,0,0,2048,0,341264,12144640,123731968
1744061956.001304,600037,21131153,0,131892244,124040400,124160648,0,1038068,0,214760,4863192,123448,4036848,91312,826344,1048576,1048576,0,0,45636,0,5089204,427980,120200,86700,645916,86700,559216,24848,42412,0,0,0,65946120,8275652,34359738367,478716,0,53760,0,1118208,0,0,0,0,0,0,0,0,2048,0,341264,12144640,123731968
1744061957.001353,600037,21131153,0,131892244,124040400,124160648,0,1038068,0,214760,4863192,123448,4036848,91312,826344,1048576,1048576,0,0,45636,0,5089204,427980,120200,86700,645916,86700,559216,24848,42412,0,0,0,65946120,8275652,34359738367,478716,0,53760,0,1118208,0,0,0,0,0,0,0,0,2048,0,341264,12144640,123731968
1744061958.001608,600037,21131153,0,131892244,124040400,124160648,0,1038068,0,214760,4863192,123448,4036848,91312,826344,1048576,1048576,0,0,45636,0,5089204,427980,120200,86700,645916,86700,559216,24848,42412,0,0,0,65946120,8275652,34359738367,478716,0,53760,0,1118208,0,0,0,0,0,0,0,0,2048,0,341264,12144640,123731968
1744061959.001950,600037,21131153,0,131892244,124040400,124160648,0,1038068,0,214760,4863192,123448,4036848,91312,826344,1048576,1048576,0,0,45636,0,5089204,427980,120200,86700,645916,86700,559216,24848,42412,0,0,0,65946120,8275652,34359738367,478716,0,53760,0,1118208,0,0,0,0,0,0,0,0,2048,0,341264,12144640,123731968
1744061960.002000,600037,21131153,0,131892244,124040400,124160648,0,1038068,0,214760,4863192,123448,4036848,91312,826344,1048576,1048576,0,0,44628,504,5089204,427980,120200,86700,645916,86700,559216,24848,42412,0,0,0,65946120,8275652,34359738367,478716,0,53760,0,1118208,0,0,0,0,0,0,0,0,2048,0,341264,12144640,123731968
1744061961.001493,600037,21131153,0,131892244,124040400,124160648,0,1038068,0,214760,4863192,123448,4036848,91312,826344,1048576,1048576,0,0,44604,0,5089204,427980,120200,86700,645916,86700,559216,24848,42412,0,0,0,65946120,8275652,34359738367,478716,0,53760,0,1118208,0,0,0,0,0,0,0,0,2048,0,341264,12144640,123731968
1744061962.001875,600037,21131153,0,131892244,124040400,124160648,0,1038068,0,214760,4863192,123448,4036848,91312,826344,1048576,1048576,0,0,44604,0,5089204,427980,120200,86700,645916,86700,559216,24848,42412,0,0,0,65946120,8275652,34359738367,478716,0,53760,0,1118208,0,0,0,0,0,0,0,0,2048,0,341264,12144640,123731968
1744061963.001929,600037,21131153,0,131892244,124040404,124160652,0,1038068,0,214760,4863192,123448,4036848,91312,826344,1048576,1048576,0,0,44604,0,5089204,427980,120200,86700,645916,86700,559216,24848,42412,0,0,0,65946120,8275652,34359738367,478716,0,53760,0,1118208,0,0,0,0,0,0,0,0,2048,0,341264,12144640,123731968
1744061964.001311,600037,21131153,0,131892244,124040404,124160652,0,1038068,0,214760,4863192,123448,4036848,91312,826344,1048576,1048576,0,0,44604,0,5089204,427980,120200,86700,645916,86700,559216,24848,42412,0,0,0,65946120,8275652,34359738367,478716,0,53760,0,1118208,0,0,0,0,0,0,0,0,2048,0,341264,12144640,123731968
1744061965.001361,600037,21131153,0,131892244,124040404,124160652,0,1038068,0,214760,4863192,123448,4036848,91312,826344,1048576,1048576,0,0,44604,0,5089204,427980,120200,86700,645916,86700,559216,24848,42412,0,0,0,65946120,8275652,34359738367,478716,0,53760,0,1118208,0,0,0,0,0,0,0,0,2048,0,341264,12144640,123731968
1744061966.001745,600037,21131153,0,131892244,124040404,124160652,0,1038068,0,214760,4863192,123448,4036848,91312,826344,1048576,1048576,0,0,44604,0,5089204,427980,120200,86700,645916,86700,559216,24848,42412,0,0,0,65946120,8275652,34359738367,478716,0,53760,0,1118208,0,0,0,0,0,0,0,0,2048,0,341264,12144640,123731968
1744061967.001791,600037,21131153,0,131892244,124040404,124160652,0,1038068,0,214760,4863192,123448,4036848,91312,826344,1048576,1048576,0,0,44604,0,5089204,427980,120200,86700,645916,86700,559216,24848,42412,0,0,0,65946120,8275652,34359738367,478716,0,53760,0,1118208,0,0,0,0,0,0,0,0,2048,0,341264,12144640,123731968
1744061968.002167,600037,21131153,0,131892244,124040404,124160652,0,1038068,0,214760,4863192,123448,4036848,91312,826344,1048576,1048576,0,0,44604,0,5089204,427980,120200,86700,645916,86700,559216,24848,42412,0,0,0,65946120,8275652,34359738367,478716,0,53760,0,1118208,0,0,0,0,0,0,0,0,2048,0,341264,12144640,123731968
1744061969.001215,600037,21131153,0,131892244,124040404,124160652,0,1038068,0,214760,4863192,123448,4036848,91312,826344,1048576,1048576,0,0,44604,0,5089204,427980,120200,86700,645916,86700,559216,24848,42412,0,0,0,65946120,8275652,34359738367,478716,0,53760,0,1118208,0,0,0,0,0,0,0,0,2048,0,341264,12144640,123731968
1744061970.012993,600037,21131153,0,131892244,124040432,124160680,0,1038068,0,214760,4863192,123448,4036848,91312,826344,1048576,1048576,0,0,44604,0,5089204,427980,120200,86700,645916,86700,559216,24848,42412,0,0,0,65946120,8275652,34359738367,478716,0,53760,0,1118208,0,0,0,0,0,0,0,0,2048,0,341264,12144640,123731968
1744061971.001982,600037,21131153,0,131892244,124040324,124160572,0,1038068,0,214760,4863192,123448,4036848,91312,826344,1048576,1048576,0,0,228,0,5089204,427980,120200,86700,646028,86700,559328,24848,42412,0,0,0,65946120,8275652,34359738367,478716,0,53760,0,1118208,0,0,0,0,0,0,0,0,2048,0,341264,12144640,123731968
1744061972.001279,600037,21131153,0,131892244,124040324,124160572,0,1038068,0,214760,4863192,123448,4036848,91312,826344,1048576,1048576,0,0,228,0,5089204,427980,120200,86700,646028,86700,559328,24848,42412,0,0,0,65946120,8275652,34359738367,478716,0,53760,0,1118208,0,0,0,0,0,0,0,0,2048,0,341264,12144640,123731968
1744061973.001626,600037,21131153,0,131892244,124040260,124160508,0,1038068,0,214764,4863148,123448,4036808,91316,826340,1048576,1048576,0,0,228,0,5089204,427980,120200,86700,646092,86700,559392,24848,42412,0,0,0,65946120,8275652,34359738367,478716,0,53760,0,1118208,0,0,0,0,0,0,0,0,2048,0,341264,12144640,123731968
1744061974.001695,600037,21131153,0,131892244,124040260,124160508,0,1038068,0,214764,4863148,123448,4036808,91316,826340,1048576,1048576,0,0,228,0,5089204,427980,120200,86700,646092,86700,559392,24848,42412,0,0,0,65946120,8275652,34359738367,478716,0,53760,0,1118208,0,0,0,0,0,0,0,0,2048,0,341264,12144640,123731968
1744061975.002019,600037,21131153,0,131892244,124040260,124160508,0,1038068,0,214764,4863148,123448,4036808,91316,826340,1048576,1048576,0,0,228,0,5089204,427980,120200,86700,646092,86700,559392,24848,42412,0,0,0,65946120,8275652,34359738367,478716,0,53760,0,1118208,0,0,0,0,0,0,0,0,2048,0,341264,12144640,123731968
1744061976.001365,600037,21131153,0,131892244,124040260,124160508,0,1038068,0,214764,4863148,123448,4036808,91316,826340,1048576,1048576,0,0,0,0,5089204,427980,120200,86700,646092,86700,559392,24848,42412,0,0,0,65946120,8275652,34359738367,478716,0,53760,0,1118208,0,0,0,0,0,0,0,0,2048,0,341264,12144640,123731968
1744061977.001435,600037,21131153,0,131892244,124040260,124160508,0,1038068,0,214764,4863148,123448,4036808,91316,826340,1048576,1048576,0,0,0,0,5089204,427980,120200,86700,646092,86700,559392,24848,42412,0,0,0,65946120,8275652,34359738367,478716,0,53760,0,1118208,0,0,0,0,0,0,0,0,2048,0,341264,12144640,123731968
1744061978.001772,600037,21131153,0,131892244,124040260,124160508,0,1038068,0,214764,4863148,123448,4036808,91316,826340,1048576,1048576,0,0,0,0,5089204,427980,120200,86700,646092,86700,559392,24848,42412,0,0,0,65946120,8275652,34359738367,478716,0,53760,0,1118208,0,0,0,0,0,0,0,0,2048,0,341264,12144640,123731968
1744061979.002152,600037,21131153,0,131892244,124040260,124160508,0,1038068,0,214764,4863148,123448,4036808,91316,826340,1048576,1048576,0,0,0,0,5089204,427980,120200,86700,646092,86700,559392,24848,42412,0,0,0,65946120,8275652,34359738367,478716,0,53760,0,1118208,0,0,0,0,0,0,0,0,2048,0,341264,12144640,123731968
1744061980.001222,600037,21131153,0,131892244,124040260,124160508,0,1038068,0,214764,4863148,123448,4036808,91316,826340,1048576,1048576,0,0,0,0,5089204,427980,120200,86700,646092,86700,559392,24848,42412,0,0,0,65946120,8275652,34359738367,478716,0,53760,0,1118208,0,0,0,0,0,0,0,0,2048,0,341264,12144640,123731968
1744061981.001502,600037,21131153,0,131892244,124040260,124160508,0,1038068,0,214764,4863148,123448,4036808,91316,826340,1048576,1048576,0,0,0,0,5089204,427980,120200,86700,646092,86700,559392,24848,42412,0,0,0,65946120,8275652,34359738367,478716,0,53760,0,1118208,0,0,0,0,0,0,0,0,2048,0,341264,12144640,123731968
1744061982.001958,600037,21131153,0,131892244,124040260,124160508,0,1038068,0,214764,4863148,123448,4036808,91316,826340,1048576,1048576,0,0,0,0,5089204,427980,120200,86700,646092,86700,559392,24848,42412,0,0,0,65946120,8275652,34359738367,478716,0,53760,0,1118208,0,0,0,0,0,0,0,0,2048,0,341264,12144640,123731968
1744061983.002027,600037,21131153,0,131892244,124040260,124160508,0,1038068,0,214764,4863148,123448,4036808,91316,826340,1048576,1048576,0,0,0,0,5089204,427980,120200,86700,646092,86700,559392,24848,42412,0,0,0,65946120,8275652,34359738367,478716,0,53760,0,1118208,0,0,0,0,0,0,0,0,2048,0,341264,12144640,123731968
1744061984.001474,600037,21131153,0,131892244,124040292,124160540,0,1038068,0,214764,4863148,123448,4036808,91316,826340,1048576,1048576,0,0,0,0,5089204,427980,120200,86700,646060,86700,559360,24848,42412,0,0,0,65946120,8275652,34359738367,478716,0,53760,0,1118208,0,0,0,0,0,0,0,0,2048,0,341264,12144640,123731968
1744061985.001544,600037,21131153,0,131892244,124040292,124160540,0,1038068,0,214764,4863148,123448,4036808,91316,826340,1048576,1048576,0,0,0,0,5089204,427980,120200,86700,646060,86700,559360,24848,42412,0,0,0,65946120,8275652,34359738367,478716,0,53760,0,1118208,0,0,0,0,0,0,0,0,2048,0,341264,12144640,123731968
1744061986.001996,600037,21131153,0,131892244,124040292,124160540,0,1038068,0,214764,4863148,123448,4036808,91316,826340,1048576,1048576,0,0,0,0,5089204,427980,120200,86700,646060,86700,559360,24848,42412,0,0,0,65946120,8275652,34359738367,478716,0,53760,0,1118208,0,0,0,0,0,0,0,0,2048,0,341264,12144640,123731968
1744061987.002067,600037,21131153,0,131892244,124040292,124160540,0,1038068,0,214764,4863148,123448,4036808,91316,826340,1048576,1048576,0,0,0,0,5089204,427980,120200,86700,646060,86700,559360,24848,42412,0,0,0,65946120,8275652,34359738367,478716,0,53760,0,1118208,0,0,0,0,0,0,0,0,2048,0,341264,12144640,123731968
1744061988.001517,600037,21131153,0,131892244,124040292,124160540,0,1038068,0,214764,4863148,123448,4036808,91316,826340,1048576,1048576,0,0,0,0,5089204,427980,120200,86700,646060,86700,559360,24848,42412,0,0,0,65946120,8275652,34359738367,478716,0,53760,0,1118208,0,0,0,0,0,0,0,0,2048,0,341264,12144640,123731968
1744061989.001586,600037,21131153,0,131892244,124040292,124160540,0,1038068,0,214764,4863148,123448,4036808,91316,826340,1048576,1048576,0,0,0,0,5089204,427980,120200,86700,646060,86700,559360,24848,42412,0,0,0,65946120,8275652,34359738367,478716,0,53760,0,1118208,0,0,0,0,0,0,0,0,2048,0,341264,12144640,123731968
1744061990.012533,600037,21131153,0,131892244,124040292,124160540,0,1038068,0,214764,4863148,123448,4036808,91316,826340,1048576,1048576,0,0,0,0,5089204,427980,120200,86700,646060,86700,559360,24848,42412,0,0,0,65946120,8275652,34359738367,478716,0,53760,0,1118208,0,0,0,0,0,0,0,0,2048,0,341264,12144640,123731968
1744061991.001591,600037,21131153,0,131892244,124040284,124160532,0,1038068,0,214764,4863148,123448,4036808,91316,826340,1048576,1048576,0,0,0,0,5089204,427980,120200,86700,646068,86700,559368,24848,42412,0,0,0,65946120,8275652,34359738367,478716,0,53760,0,1118208,0,0,0,0,0,0,0,0,2048,0,341264,12144640,123731968
1744061992.001927,600037,21131153,0,131892244,124040284,124160532,0,1038068,0,214764,4863148,123448,4036808,91316,826340,1048576,1048576,0,0,0,0,5089204,427980,120200,86700,646068,86700,559368,24848,42412,0,0,0,65946120,8275652,34359738367,478716,0,53760,0,1118208,0,0,0,0,0,0,0,0,2048,0,341264,12144640,123731968
1744061993.001305,600037,21131153,0,131892244,124040284,124160532,0,1038068,0,214764,4863148,123448,4036808,91316,826340,1048576,1048576,0,0,0,0,5089204,427980,120200,86700,646068,86700,559368,24848,42412,0,0,0,65946120,8275652,34359738367,478716,0,53760,0,1118208,0,0,0,0,0,0,0,0,2048,0,341264,12144640,123731968
1744061994.001375,600037,21131153,0,131892244,124040284,124160532,0,1038068,0,214764,4863148,123448,4036808,91316,826340,1048576,1048576,0,0,0,0,5089204,427980,120200,86700,646068,86700,559368,24848,42412,0,0,0,65946120,8275652,34359738367,478716,0,53760,0,1118208,0,0,0,0,0,0,0,0,2048,0,341264,12144640,123731968
1744061995.001706,600037,21131153,0,131892244,124040284,124160532,0,1038068,0,214764,4863148,123448,4036808,91316,826340,1048576,1048576,0,0,0,0,5089204,427980,120200,86700,646068,86700,559368,24848,42412,0,0,0,65946120,8275652,34359738367,478716,0,53760,0,1118208,0,0,0,0,0,0,0,0,2048,0,341264,12144640,123731968
1744061996.002091,600037,21131153,0,131892244,124040284,124160532,0,1038068,0,214764,4863148,123448,4036808,91316,826340,1048576,1048576,0,0,0,0,5089204,427980,120200,86700,646068,86700,559368,24848,42412,0,0,0,65946120,8275652,34359738367,478716,0,53760,0,1118208,0,0,0,0,0,0,0,0,2048,0,341264,12144640,123731968
1744061997.001162,600037,21131153,0,131892244,124040276,124160524,0,1038068,0,214764,4863148,123448,4036808,91316,826340,1048576,1048576,0,0,0,0,5089204,427980,120200,86700,646076,86700,559376,24848,42412,0,0,0,65946120,8275652,34359738367,478716,0,53760,0,1118208,0,0,0,0,0,0,0,0,2048,0,341264,12144640,123731968
1744061998.001494,600037,21131153,0,131892244,124040276,124160524,0,1038068,0,214764,4863148,123448,4036808,91316,826340,1048576,1048576,0,0,0,0,5089204,427980,120200,86700,646076,86700,559376,24848,42412,0,0,0,65946120,8275652,34359738367,478716,0,53760,0,1118208,0,0,0,0,0,0,0,0,2048,0,341264,12144640,123731968
1744061999.001870,600037,21131153,0,131892244,124040276,124160524,0,1038068,0,214764,4863148,123448,4036808,91316,826340,1048576,1048576,0,0,0,0,5089204,427980,120200,86700,646076,86700,559376,24848,42412,0,0,0,65946120,8275652,34359738367,478716,0,53760,0,1118208,0,0,0,0,0,0,0,0,2048,0,341264,12144640,123731968
1744062000.001944,600037,21131153,0,131892244,124040276,124160524,0,1038068,0,214764,4863148,123448,4036808,91316,826340,1048576,1048576,0,0,0,0,5089204,427980,120200,86700,646076,86700,559376,24848,42412,0,0,0,65946120,8275652,34359738367,478716,0,53760,0,1118208,0,0,0,0,0,0,0,0,2048,0,341264,12144640,123731968
1744062001.001758,600037,21131153,0,131892244,124040276,124160524,0,1038068,0,214764,4863148,123448,4036808,91316,826340,1048576,1048576,0,0,0,0,5089204,427980,120200,86700,646076,86700,559376,24848,42412,0,0,0,65946120,8275652,34359738367,478716,0,53760,0,1118208,0,0,0,0,0,0,0,0,2048,0,341264,12144640,123731968
1744062002.002189,600037,21131153,0,131892244,124040276,124160524,0,1038068,0,214764,4863148,123448,4036808,91316,826340,1048576,1048576,0,0,0,0,5089204,427980,120200,86700,646076,86700,559376,24848,42412,0,0,0,65946120,8275652,34359738367,478716,0,53760,0,1118208,0,0,0,0,0,0,0,0,2048,0,341264,12144640,123731968
1744062003.001258,600037,21131153,0,131892244,124040296,124160544,0,1038068,0,214764,4863148,123448,4036808,91316,826340,1048576,1048576,0,0,0,0,5089204,427980,120200,86700,646084,86700,559384,24848,42412,0,0,0,65946120,8275652,34359738367,478716,0,53760,0,1118208,0,0,0,0,0,0,0,0,2048,0,341264,12144640,123731968
1744062004.001710,600037,21131153,0,131892244,124040296,124160544,0,1038068,0,214764,4863148,123448,4036808,91316,826340,1048576,1048576,0,0,0,0,5089204,427980,120200,86700,646084,86700,559384,24848,42412,0,0,0,65946120,8275652,34359738367,478716,0,53760,0,1118208,0,0,0,0,0,0,0,0,2048,0,341264,12144640,123731968
1744062005.001793,600037,21131153,0,131892244,124040296,124160544,0,1038068,0,214764,4863148,123448,4036808,91316,826340,1048576,1048576,0,0,0,0,5089204,427980,120200,86700,646084,86700,559384,24848,42412,0,0,0,65946120,8275652,34359738367,478716,0,53760,0,1118208,0,0,0,0,0,0,0,0,2048,0,341264,12144640,123731968
1744062006.002250,600037,21131153,0,131892244,124040296,124160544,0,1038068,0,214764,4863148,123448,4036808,91316,826340,1048576,1048576,0,0,0,0,5089204,427980,120200,86700,646084,86700,559384,24848,42412,0,0,0,65946120,8275652,34359738367,478716,0,53760,0,1118208,0,0,0,0,0,0,0,0,2048,0,341264,12144640,123731968
1744062007.001319,600037,21131153,0,131892244,124040296,124160544,0,1038068,0,214764,4863148,123448,4036808,91316,826340,1048576,1048576,0,0,0,0,5089204,427980,120200,86700,646084,86700,559384,24848,42412,0,0,0,65946120,8275652,34359738367,478716,0,53760,0,1118208,0,0,0,0,0,0,0,0,2048,0,341264,12144640,123731968
1744062008.000922,600037,21131153,0,131892244,124040296,124160544,0,1038068,0,214764,4863148,123448,4036808,91316,826340,1048576,1048576,0,0,0,0,5089204,427980,120200,86700,646084,86700,559384,24848,42412,0,0,0,65946120,8275652,34359738367,478716,0,53760,0,1118208,0,0,0,0,0,0,0,0,2048,0,341264,12144640,123731968
1744062009.001991,600037,21131153,0,131892244,124040296,124160544,0,1038068,0,214764,4863148,123448,4036808,91316,826340,1048576,1048576,0,0,0,0,5089204,427980,120200,86700,646084,86700,559384,24848,42412,0,0,0,65946120,8275652,34359738367,478716,0,53760,0,1118208,0,0,0,0,0,0,0,0,2048,0,341264,12144640,123731968
1744062010.012553,600037,21131153,0,131892244,124040296,124160544,0,1038068,0,214764,4863148,123448,4036808,91316,826340,1048576,1048576,0,0,0,0,5089204,427980,120200,86700,646084,86700,559384,24848,42412,0,0,0,65946120,8275652,34359738367,478716,0,53760,0,1118208,0,0,0,0,0,0,0,0,2048,0,341264,12144640,123731968
1744062011.001614,600037,21131153,0,131892244,124040328,124160576,0,1038068,0,214764,4863148,123448,4036808,91316,826340,1048576,1048576,0,0,0,0,5089204,427980,120200,86700,646052,86700,559352,24848,42412,0,0,0,65946120,8275652,34359738367,478716,0,53760,0,1118208,0,0,0,0,0,0,0,0,2048,0,341264,12144640,123731968
1744062012.001942,600037,21131153,0,131892244,124008504,124139404,0,1047568,0,220488,4881108,123500,4050904,96988,830204,1048576,1048576,0,0,0,0,5102836,431576,120196,88932,648528,88932,559596,25408,45080,0,0,0,65946120,8306244,34359738367,479132,0,53760,0,1118208,0,0,0,0,0,0,0,0,2048,0,341264,12144640,123731968
1744062013.001327,600037,21131153,0,131892244,124013364,124149060,0,1051564,0,223432,4874912,123508,4043652,99924,831260,1048576,1048576,0,0,0,0,5096100,428180,120200,90540,650104,90540,559564,25056,43044,0,0,0,65946120,8309248,34359738367,478764,0,53760,0,1118208,0,0,0,0,0,0,0,0,2048,0,341264,12144640,123731968
1744062014.001396,600037,21131153,0,131892244,124010136,124149952,0,1055276,0,224592,4875868,123512,4042060,101080,833808,1048576,1048576,0,0,0,0,5094136,431664,120204,91372,651248,91372,559876,24912,42672,0,0,0,65946120,8313092,34359738367,478844,0,53760,0,1118208,0,0,0,0,0,0,0,0,2048,0,341264,12144640,123731968
1744062015.001730,600037,21131153,0,131892244,124010268,124150084,0,1055276,0,224592,4875868,123512,4042060,101080,833808,1048576,1048576,0,0,0,0,5094136,431664,120204,91372,651256,91372,559884,24912,42672,0,0,0,65946120,8313092,34359738367,478844,0,53760,0,1118208,0,0,0,0,0,0,0,0,2048,0,341264,12144640,123731968
1744062016.002121,600037,21131153,0,131892244,124015408,124155372,0,1055420,0,224604,4871064,123500,4037132,101104,833932,1048576,1048576,0,0,0,0,5089204,427980,120200,91372,651264,91372,559892,24848,42412,0,0,0,65946120,8327520,34359738367,478828,0,53760,0,1118208,0,0,0,0,0,0,0,0,2048,0,341264,12144640,123731968
1744062017.001191,600037,21131153,0,131892244,124015488,124155452,0,1055420,0,224604,4871064,123500,4037132,101104,833932,1048576,1048576,0,0,0,0,5089204,427980,120200,91372,651264,91372,559892,24848,42412,0,0,0,65946120,8327520,34359738367,478828,0,53760,0,1118208,0,0,0,0,0,0,0,0,2048,0,341264,12144640,123731968
1744062018.001519,600037,21131153,0,131892244,124015580,124155544,0,1055420,0,224604,4871064,123500,4037132,101104,833932,1048576,1048576,0,0,0,0,5089204,427980,120200,91372,651264,91372,559892,24848,42412,0,0,0,65946120,8327520,34359738367,478828,0,53760,0,1118208,0,0,0,0,0,0,0,0,2048,0,341264,12144640,123731968
1744062019.001897,600037,21131153,0,131892244,124015680,124155644,0,1055420,0,224604,4871064,123500,4037132,101104,833932,1048576,1048576,0,0,0,0,5089204,427980,120200,91372,651264,91372,559892,24848,42412,0,0,0,65946120,8327520,34359738367,478828,0,53760,0,1118208,0,0,0,0,0,0,0,0,2048,0,341264,12144640,123731968
1744062020.001965,600037,21131153,0,131892244,124015688,124155652,0,1055420,0,224604,4871064,123500,4037132,101104,833932,1048576,1048576,0,0,0,0,5089204,427980,120200,91372,651264,91372,559892,24848,42412,0,0,0,65946120,8327520,34359738367,478844,0,53760,0,1118208,0,0,0,0,0,0,0,0,2048,0,341264,12144640,123731968
1744062021.001420,600037,21131153,0,131892244,124015696,124155660,0,1055420,0,224604,4871064,123500,4037132,101104,833932,1048576,1048576,0,0,0,0,5089204,427980,120200,91372,651264,91372,559892,24864,42412,0,0,0,65946120,8327520,34359738367,478844,0,53760,0,1118208,0,0,0,0,0,0,0,0,2048,0,341264,12144640,123731968
1744062022.001866,600037,21131153,0,131892244,124015696,124155660,0,1055420,0,224604,4871064,123500,4037132,101104,833932,1048576,1048576,0,0,0,0,5089204,427980,120200,91372,651264,91372,559892,24864,42412,0,0,0,65946120,8327520,34359738367,478844,0,53760,0,1118208,0,0,0,0,0,0,0,0,2048,0,341264,12144640,123731968
1744062023.001942,600037,21131153,0,131892244,124015688,124155652,0,1055420,0,224604,4871064,123500,4037132,101104,833932,1048576,1048576,0,0,0,0,5089204,427980,120200,91372,651272,91372,559900,24864,42412,0,0,0,65946120,8327520,34359738367,478844,0,53760,0,1118208,0,0,0,0,0,0,0,0,2048,0,341264,12144640,123731968
1744062024.001392,600037,21131153,0,131892244,124015688,124155652,0,1055420,0,224604,4871064,123500,4037132,101104,833932,1048576,1048576,0,0,0,0,5089204,427980,120200,91372,651272,91372,559900,24864,42412,0,0,0,65946120,8327520,34359738367,478844,0,53760,0,1118208,0,0,0,0,0,0,0,0,2048,0,341264,12144640,123731968
1744062025.001461,600037,21131153,0,131892244,124015688,124155652,0,1055420,0,224604,4871064,123500,4037132,101104,833932,1048576,1048576,0,0,0,0,5089204,427980,120200,91372,651272,91372,559900,24864,42412,0,0,0,65946120,8327520,34359738367,478844,0,53760,0,1118208,0,0,0,0,0,0,0,0,2048,0,341264,12144640,123731968
1744062026.001921,600037,21131153,0,131892244,124015688,124155652,0,1055420,0,224604,4871064,123500,4037132,101104,833932,1048576,1048576,0,0,0,0,5089204,427980,120200,91372,651272,91372,559900,24864,42412,0,0,0,65946120,8327520,34359738367,478844,0,53760,0,1118208,0,0,0,0,0,0,0,0,2048,0,341264,12144640,123731968
1744062027.001996,600037,21131153,0,131892244,124015696,124155660,0,1055420,0,224604,4871064,123500,4037132,101104,833932,1048576,1048576,0,0,0,0,5089204,427980,120200,91372,651272,91372,559900,24864,42412,0,0,0,65946120,8327520,34359738367,478844,0,53760,0,1118208,0,0,0,0,0,0,0,0,2048,0,341264,12144640,123731968
1744062028.001448,600037,21131153,0,131892244,124015696,124155660,0,1055420,0,224604,4871064,123500,4037132,101104,833932,1048576,1048576,0,0,0,0,5089204,427980,120200,91372,651272,91372,559900,24864,42412,0,0,0,65946120,8327520,34359738367,478844,0,53760,0,1118208,0,0,0,0,0,0,0,0,2048,0,341264,12144640,123731968
1744062029.001518,600037,21131153,0,131892244,124015696,124155660,0,1055420,0,224604,4871064,123500,4037132,101104,833932,1048576,1048576,0,0,0,0,5089208,427980,120200,91372,651272,91372,559900,24864,42412,0,0,0,65946120,8327520,34359738367,478844,0,53760,0,1118208,0,0,0,0,0,0,0,0,2048,0,341264,12144640,123731968
1744062030.012836,600037,21131153,0,131892244,124015696,124155660,0,1055420,0,224604,4871064,123500,4037132,101104,833932,1048576,1048576,0,0,0,0,5089208,427980,120200,91372,651272,91372,559900,24864,42412,0,0,0,65946120,8327520,34359738367,478844,0,53760,0,1118208,0,0,0,0,0,0,0,0,2048,0,341264,12144640,123731968
1744062031.001894,600037,21131153,0,131892244,124015696,124155660,0,1055420,0,224604,4871064,123500,4037132,101104,833932,1048576,1048576,0,0,0,0,5089208,427980,120200,91372,651272,91372,559900,24864,42412,0,0,0,65946120,8327520,34359738367,478844,0,53760,0,1118208,0,0,0,0,0,0,0,0,2048,0,341264,12144640,123731968
1744062032.001227,600037,21131153,0,131892244,124015696,124155660,0,1055420,0,224604,4871064,123500,4037132,101104,833932,1048576,1048576,0,0,0,0,5089208,427980,120200,91372,651272,91372,559900,24864,42412,0,0,0,65946120,8327520,34359738367,478844,0,53760,0,1118208,0,0,0,0,0,0,0,0,2048,0,341264,12144640,123731968
1744062033.001601,600037,21131153,0,131892244,124015724,124155688,0,1055420,0,224604,4871060,123500,4037128,101104,833932,1048576,1048576,0,0,0,0,5089208,427980,120200,91372,651272,91372,559900,24864,42412,0,0,0,65946120,8327520,34359738367,478844,0,53760,0,1118208,0,0,0,0,0,0,0,0,2048,0,341264,12144640,123731968
1744062034.001670,600037,21131153,0,131892244,124015732,124155696,0,1055420,0,224604,4871060,123500,4037128,101104,833932,1048576,1048576,0,0,0,0,5089208,427980,120200,91372,651264,91372,559892,24864,42412,0,0,0,65946120,8327520,34359738367,478844,0,53760,0,1118208,0,0,0,0,0,0,0,0,2048,0,341264,12144640,123731968
1744062035.002005,600037,21131153,0,131892244,124015732,124155696,0,1055420,0,224604,4871060,123500,4037128,101104,833932,1048576,1048576,0,0,0,0,5089208,427980,120200,91372,651264,91372,559892,24864,42412,0,0,0,65946120,8327520,34359738367,478844,0,53760,0,1118208,0,0,0,0,0,0,0,0,2048,0,341264,12144640,123731968
1744062036.001377,600037,21131153,0,131892244,124015732,124155696,0,1055420,0,224604,4871060,123500,4037128,101104,833932,1048576,1048576,0,0,0,0,5089208,427980,120200,91372,651264,91372,559892,24864,42412,0,0,0,65946120,8327520,34359738367,478844,0,53760,0,1118208,0,0,0,0,0,0,0,0,2048,0,341264,12144640,123731968
1744062037.001448,600037,21131153,0,131892244,124015732,124155696,0,1055420,0,224604,4871060,123500,4037128,101104,833932,1048576,1048576,0,0,0,0,5089208,427980,120200,91372,651264,91372,559892,24864,42412,0,0,0,65946120,8327520,34359738367,478844,0,53760,0,1118208,0,0,0,0,0,0,0,0,2048,0,341264,12144640,123731968
1744062038.001776,600037,21131153,0,131892244,124015732,124155696,0,1055420,0,224604,4871060,123500,4037128,101104,833932,1048576,1048576,0,0,0,0,5089208,427980,120200,91372,651264,91372,559892,24864,42412,0,0,0,65946120,8327520,34359738367,478844,0,53760,0,1118208,0,0,0,0,0,0,0,0,2048,0,341264,12144640,123731968
1744062039.002152,600037,21131153,0,131892244,124015732,124155696,0,1055420,0,224604,4871060,123500,4037128,101104,833932,1048576,1048576,0,0,0,0,5089208,427980,120200,91372,651264,91372,559892,24864,42412,0,0,0,65946120,8327520,34359738367,478844,0,53760,0,1118208,0,0,0,0,0,0,0,0,2048,0,341264,12144640,123731968
1744062040.001222,600037,21131153,0,131892244,124015732,124155696,0,1055420,0,224604,4871060,123500,4037128,101104,833932,1048576,1048576,0,0,0,0,5089208,427980,120200,91372,651264,91372,559892,24864,42412,0,0,0,65946120,8327520,34359738367,478844,0,53760,0,1118208,0,0,0,0,0,0,0,0,2048,0,341264,12144640,123731968
1744062041.001453,600037,21131153,0,131892244,124015732,124155696,0,1055420,0,224604,4871060,123500,4037128,101104,833932,1048576,1048576,0,0,0,0,5089208,427980,120200,91372,651264,91372,559892,24864,42412,0,0,0,65946120,8327520,34359738367,478844,0,53760,0,1118208,0,0,0,0,0,0,0,0,2048,0,341264,12144640,123731968
1744062042.001901,600037,21131153,0,131892244,124015732,124155696,0,1055420,0,224604,4871060,123500,4037128,101104,833932,1048576,1048576,0,0,0,0,5089208,427980,120200,91372,651264,91372,559892,24864,42412,0,0,0,65946120,8327520,34359738367,478844,0,53760,0,1118208,0,0,0,0,0,0,0,0,2048,0,341264,12144640,123731968
1744062043.001977,600037,21131153,0,131892244,124015732,124155696,0,1055420,0,224604,4871060,123500,4037128,101104,833932,1048576,1048576,0,0,0,0,5089208,427980,120200,91372,651264,91372,559892,24864,42412,0,0,0,65946120,8327520,34359738367,478844,0,53760,0,1118208,0,0,0,0,0,0,0,0,2048,0,341264,12144640,123731968
1744062044.000729,600037,21131153,0,131892244,124015732,124155696,0,1055420,0,224604,4871060,123500,4037128,101104,833932,1048576,1048576,0,0,0,0,5089208,427980,120200,91372,651264,91372,559892,24864,42412,0,0,0,65946120,8327520,34359738367,478844,0,53760,0,1118208,0,0,0,0,0,0,0,0,2048,0,341264,12144640,123731968
1744062045.001801,600037,21131153,0,131892244,124015732,124155696,0,1055420,0,224604,4871060,123500,4037128,101104,833932,1048576,1048576,0,0,0,0,5089208,427980,120200,91372,651264,91372,559892,24864,42412,0,0,0,65946120,8327520,34359738367,478844,0,53760,0,1118208,0,0,0,0,0,0,0,0,2048,0,341264,12144640,123731968
1744062046.002254,600037,21131153,0,131892244,124015732,124155696,0,1055420,0,224604,4871060,123500,4037128,101104,833932,1048576,1048576,0,0,0,0,5089208,427980,120200,91372,651264,91372,559892,24864,42412,0,0,0,65946120,8327520,34359738367,478844,0,53760,0,1118208,0,0,0,0,0,0,0,0,2048,0,341264,12144640,123731968
1744062047.001323,600037,21131153,0,131892244,124015732,124155696,0,1055420,0,224604,4871060,123500,4037128,101104,833932,1048576,1048576,0,0,0,0,5089208,427980,120200,91372,651200,91372,559828,24832,42412,0,0,0,65946120,8327520,34359738367,478828,0,53760,0,1118208,0,0,0,0,0,0,0,0,2048,0,341264,12144640,123731968
1744062048.001770,600037,21131153,0,131892244,124015760,124155724,0,1055420,0,224604,4871060,123500,4037128,101104,833932,1048576,1048576,0,0,0,0,5089208,427980,120200,91372,651200,91372,559828,24832,42412,0,0,0,65946120,8327520,34359738367,478828,0,53760,0,1118208,0,0,0,0,0,0,0,0,2048,0,341264,12144640,123731968
1744062049.001843,600037,21131153,0,131892244,124015780,124155744,0,1055420,0,224604,4871060,123500,4037128,101104,833932,1048576,1048576,0,0,0,0,5089208,427980,120200,91372,651200,91372,559828,24832,42412,0,0,0,65946120,8327520,34359738367,478828,0,53760,0,1118208,0,0,0,0,0,0,0,0,2048,0,341264,12144640,123731968
1744062050.012270,600037,21131153,0,131892244,124015780,124155744,0,1055420,0,224604,4871060,123500,4037128,101104,833932,1048576,1048576,0,0,0,0,5089208,427980,120200,91372,651200,91372,559828,24832,42412,0,0,0,65946120,8327520,34359738367,478828,0,53760,0,1118208,0,0,0,0,0,0,0,0,2048,0,341264,12144640,123731968
1744062051.001329,600037,21131153,0,131892244,124015780,124155744,0,1055420,0,224604,4871060,123500,4037128,101104,833932,1048576,1048576,0,0,0,0,5089208,427980,120200,91372,651200,91372,559828,24832,42412,0,0,0,65946120,8327520,34359738367,478828,0,53760,0,1118208,0,0,0,0,0,0,0,0,2048,0,341264,12144640,123731968
1744062052.001658,600037,21131153,0,131892244,124015780,124155744,0,1055420,0,224604,4871060,123500,4037128,101104,833932,1048576,1048576,0,0,0,0,5089208,427980,120200,91372,651200,91372,559828,24832,42412,0,0,0,65946120,8327520,34359738367,478828,0,53760,0,1118208,0,0,0,0,0,0,0,0,2048,0,341264,12144640,123731968
1744062053.002049,600037,21131153,0,131892244,124015780,124155744,0,1055420,0,224604,4871060,123500,4037128,101104,833932,1048576,1048576,0,0,0,0,5089208,427980,120200,91372,651200,91372,559828,24832,42412,0,0,0,65946120,8327520,34359738367,478828,0,53760,0,1118208,0,0,0,0,0,0,0,0,2048,0,341264,12144640,123731968
1744062054.001117,600037,21131153,0,131892244,124015780,124155744,0,1055420,0,224604,4871060,123500,4037128,101104,833932,1048576,1048576,0,0,0,0,5089208,427980,120200,91372,651200,91372,559828,24832,42412,0,0,0,65946120,8327520,34359738367,478828,0,53760,0,1118208,0,0,0,0,0,0,0,0,2048,0,341264,12144640,123731968
1744062055.001453,600037,21131153,0,131892244,124015780,124155744,0,1055420,0,224604,4871060,123500,4037128,101104,833932,1048576,1048576,0,0,0,0,5089208,427980,120200,91372,651200,91372,559828,24832,42412,0,0,0,65946120,8327520,34359738367,478828,0,53760,0,1118208,0,0,0,0,0,0,0,0,2048,0,341264,12144640,123731968
1744062056.001833,600037,21131153,0,131892244,124015780,124155744,0,1055420,0,224604,4871060,123500,4037128,101104,833932,1048576,1048576,0,0,0,0,5089208,427980,120200,91372,651200,91372,559828,24832,42412,0,0,0,65946120,8327520,34359738367,478828,0,53760,0,1118208,0,0,0,0,0,0,0,0,2048,0,341264,12144640,123731968
1744062057.001910,600037,21131153,0,131892244,124015780,124155744,0,1055420,0,224604,4871060,123500,4037128,101104,833932,1048576,1048576,0,0,0,0,5089208,427980,120200,91372,651200,91372,559828,24832,42412,0,0,0,65946120,8327520,34359738367,478828,0,53760,0,1118208,0,0,0,0,0,0,0,0,2048,0,341264,12144640,123731968
1744062058.001243,600037,21131153,0,131892244,124015864,124155828,0,1055420,0,224604,4871060,123500,4037128,101104,833932,1048576,1048576,0,0,0,0,5089208,427980,120200,91372,651200,91372,559828,24832,42412,0,0,0,65946120,8327520,34359738367,478828,0,53760,0,1118208,0,0,0,0,0,0,0,0,2048,0,341264,12144640,123731968
1744062059.000690,600037,21131153,0,131892244,124015864,124155828,0,1055420,0,224604,4871060,123500,4037128,101104,833932,1048576,1048576,0,0,0,0,5089208,427980,120200,91372,651200,91372,559828,24832,42412,0,0,0,65946120,8327520,34359738367,478828,0,53760,0,1118208,0,0,0,0,0,0,0,0,2048,0,341264,12144640,123731968
1744062060.001761,600037,21131153,0,131892244,124015888,124155852,0,1055420,0,224604,4871060,123500,4037128,101104,833932,1048576,1048576,0,0,0,0,5089208,427980,120200,91372,651200,91372,559828,24832,42412,0,0,0,65946120,8327520,34359738367,478828,0,53760,0,1118208,0,0,0,0,0,0,0,0,2048,0,341264,12144640,123731968
1744062061.001810,600037,21131153,0,131892244,124015888,124155852,0,1055420,0,224604,4871060,123500,4037128,101104,833932,1048576,1048576,0,0,0,0,5089208,427980,120200,91372,651200,91372,559828,24832,42412,0,0,0,65946120,8327520,34359738367,478828,0,53760,0,1118208,0,0,0,0,0,0,0,0,2048,0,341264,12144640,123731968
1744062062.001263,600037,21131153,0,131892244,124015916,124155880,0,1055420,0,224604,4871060,123500,4037128,101104,833932,1048576,1048576,0,0,0,0,5089208,427980,120200,91372,651200,91372,559828,24832,42412,0,0,0,65946120,8327520,34359738367,478828,0,53760,0,1118208,0,0,0,0,0,0,0,0,2048,0,341264,12144640,123731968
1744062063.001333,600037,21131153,0,131892244,124015916,124155880,0,1055420,0,224604,4871060,123500,4037128,101104,833932,1048576,1048576,0,0,0,0,5089208,427980,120200,91372,651200,91372,559828,24832,42412,0,0,0,65946120,8327520,34359738367,478828,0,53760,0,1118208,0,0,0,0,0,0,0,0,2048,0,341264,12144640,123731968
1744062064.001783,600037,21131153,0,131892244,124015944,124155908,0,1055420,0,224604,4871060,123500,4037128,101104,833932,1048576,1048576,0,0,0,0,5089208,427980,120200,91372,651200,91372,559828,24832,42412,0,0,0,65946120,8327520,34359738367,478828,0,53760,0,1118208,0,0,0,0,0,0,0,0,2048,0,341264,12144640,123731968
1744062065.001851,600037,21131153,0,131892244,124015944,124155908,0,1055420,0,224604,4871060,123500,4037128,101104,833932,1048576,1048576,0,0,0,0,5089208,427980,120200,91372,651200,91372,559828,24832,42412,0,0,0,65946120,8327520,34359738367,478828,0,53760,0,1118208,0,0,0,0,0,0,0,0,2048,0,341264,12144640,123731968
1744062066.001311,600037,21131153,0,131892244,124015944,124155908,0,1055420,0,224604,4871060,123500,4037128,101104,833932,1048576,1048576,0,0,0,0,5089208,427980,120200,91372,651200,91372,559828,24832,42412,0,0,0,65946120,8327520,34359738367,478828,0,53760,0,1118208,0,0,0,0,0,0,0,0,2048,0,341264,12144640,123731968
1744062067.001382,600037,21131153,0,131892244,124015944,124155908,0,1055420,0,224604,4871060,123500,4037128,101104,833932,1048576,1048576,0,0,0,0,5089208,427980,120200,91372,651200,91372,559828,24832,42412,0,0,0,65946120,8327520,34359738367,478828,0,53760,0,1118208,0,0,0,0,0,0,0,0,2048,0,341264,12144640,123731968
1744062068.001836,600037,21131153,0,131892244,124015944,124155908,0,1055420,0,224604,4871060,123500,4037128,101104,833932,1048576,1048576,0,0,0,0,5089208,427980,120200,91372,651200,91372,559828,24832,42412,0,0,0,65946120,8327520,34359738367,478828,0,53760,0,1118208,0,0,0,0,0,0,0,0,2048,0,341264,12144640,123731968
1744062069.001920,600037,21131153,0,131892244,124015944,124155908,0,1055420,0,224604,4871060,123500,4037128,101104,833932,1048576,1048576,0,0,0,0,5089208,427980,120200,91372,651200,91372,559828,24832,42412,0,0,0,65946120,8327520,34359738367,478828,0,53760,0,1118208,0,0,0,0,0,0,0,0,2048,0,341264,12144640,123731968
1744062070.012525,600037,21131153,0,131892244,124015944,124155908,0,1055420,0,224604,4871060,123500,4037128,101104,833932,1048576,1048576,0,0,0,0,5089208,427980,120200,91372,651200,91372,559828,24832,42412,0,0,0,65946120,8327520,34359738367,478828,0,53760,0,1118208,0,0,0,0,0,0,0,0,2048,0,341264,12144640,123731968
1744062071.001585,600037,21131153,0,131892244,124015944,124155908,0,1055420,0,224604,4871060,123500,4037128,101104,833932,1048576,1048576,0,0,0,0,5089208,427980,120200,91372,651200,91372,559828,24832,42412,0,0,0,65946120,8327520,34359738367,478828,0,53760,0,1118208,0,0,0,0,0,0,0,0,2048,0,341264,12144640,123731968
1744062072.001926,600037,21131153,0,131892244,124015944,124155908,0,1055420,0,224604,4871060,123500,4037128,101104,833932,1048576,1048576,0,0,0,0,5089208,427980,120200,91372,651200,91372,559828,24816,42412,0,0,0,65946120,8327520,34359738367,478812,0,53760,0,1118208,0,0,0,0,0,0,0,0,2048,0,341264,12144640,123731968
1744062073.001306,600037,21131153,0,131892244,124015944,124155908,0,1055420,0,224604,4871060,123500,4037128,101104,833932,1048576,1048576,0,0,0,0,5089208,427980,120200,91372,651200,91372,559828,24816,42412,0,0,0,65946120,8327520,34359738367,478812,0,53760,0,1118208,0,0,0,0,0,0,0,0,2048,0,341264,12144640,123731968
1744062074.001376,600037,21131153,0,131892244,124015972,124155936,0,1055420,0,224604,4871060,123500,4037128,101104,833932,1048576,1048576,0,0,0,0,5089208,427980,120200,91372,651200,91372,559828,24816,42412,0,0,0,65946120,8327520,34359738367,478812,0,53760,0,1118208,0,0,0,0,0,0,0,0,2048,0,341264,12144640,123731968
1744062075.001707,600037,21131153,0,131892244,124015972,124155936,0,1055420,0,224604,4871060,123500,4037128,101104,833932,1048576,1048576,0,0,0,0,5089208,427980,120200,91372,651200,91372,559828,24816,42412,0,0,0,65946120,8327520,34359738367,478812,0,53760,0,1118208,0,0,0,0,0,0,0,0,2048,0,341264,12144640,123731968
1744062076.002063,600037,21131153,0,131892244,124015972,124155936,0,1055420,0,224604,4871060,123500,4037128,101104,833932,1048576,1048576,0,0,0,0,5089208,427980,120200,91372,651200,91372,559828,24800,42412,0,0,0,65946120,8327520,34359738367,478796,0,53760,0,1118208,0,0,0,0,0,0,0,0,2048,0,341264,12144640,123731968
1744062077.001131,600037,21131153,0,131892244,124015972,124155936,0,1055420,0,224604,4871060,123500,4037128,101104,833932,1048576,1048576,0,0,0,0,5089208,427980,120200,91372,651200,91372,559828,24800,42412,0,0,0,65946120,8327520,34359738367,478796,0,53760,0,1118208,0,0,0,0,0,0,0,0,2048,0,341264,12144640,123731968
1744062078.001466,600037,21131153,0,131892244,124015972,124155936,0,1055420,0,224604,4871060,123500,4037128,101104,833932,1048576,1048576,0,0,0,0,5089208,427980,120200,91372,651200,91372,559828,24800,42412,0,0,0,65946120,8327520,34359738367,478796,0,53760,0,1118208,0,0,0,0,0,0,0,0,2048,0,341264,12144640,123731968
1744062079.001843,600037,21131153,0,131892244,124015972,124155936,0,1055420,0,224604,4871060,123500,4037128,101104,833932,1048576,1048576,0,0,0,0,5089208,427980,120200,91372,651200,91372,559828,24800,42412,0,0,0,65946120,8327520,34359738367,478796,0,53760,0,1118208,0,0,0,0,0,0,0,0,2048,0,341264,12144640,123731968
1744062080.001918,600037,21131153,0,131892244,124016004,124155968,0,1055420,0,224604,4871060,123500,4037128,101104,833932,1048576,1048576,0,0,0,0,5089208,427980,120200,91372,651200,91372,559828,24784,42412,0,0,0,65946120,8327520,34359738367,478780,0,53760,0,1118208,0,0,0,0,0,0,0,0,2048,0,341264,12144640,123731968
1744062081.001451,600037,21131153,0,131892244,124016060,124156024,0,1055420,0,224604,4871060,123500,4037128,101104,833932,1048576,1048576,0,0,0,0,5089208,427980,120200,91372,651200,91372,559828,24784,42412,0,0,0,65946120,8327520,34359738367,478780,0,53760,0,1118208,0,0,0,0,0,0,0,0,2048,0,341264,12144640,123731968
1744062082.001910,600037,21131153,0,131892244,124016068,124156032,0,1055420,0,224604,4871060,123500,4037128,101104,833932,1048576,1048576,0,0,0,0,5089208,427980,120200,91372,651188,91372,559816,24784,42412,0,0,0,65946120,8327520,34359738367,478780,0,53760,0,1118208,0,0,0,0,0,0,0,0,2048,0,341264,12144640,123731968
1744062083.001991,600037,21131153,0,131892244,124016068,124156032,0,1055420,0,224604,4871060,123500,4037128,101104,833932,1048576,1048576,0,0,0,0,5089208,427980,120200,91372,651188,91372,559816,24784,42412,0,0,0,65946120,8327520,34359738367,478780,0,53760,0,1118208,0,0,0,0,0,0,0,0,2048,0,341264,12144640,123731968
1744062084.001412,600037,21131153,0,131892244,124016084,124156048,0,1055420,0,224604,4871060,123500,4037128,101104,833932,1048576,1048576,0,0,0,0,5089208,427980,120200,91372,651188,91372,559816,24784,42412,0,0,0,65946120,8327520,34359738367,478780,0,53760,0,1118208,0,0,0,0,0,0,0,0,2048,0,341264,12144640,123731968
1744062085.001482,600037,21131153,0,131892244,124016084,124156048,0,1055420,0,224604,4871060,123500,4037128,101104,833932,1048576,1048576,0,0,0,0,5089208,427980,120200,91372,651188,91372,559816,24784,42412,0,0,0,65946120,8327520,34359738367,478780,0,53760,0,1118208,0,0,0,0,0,0,0,0,2048,0,341264,12144640,123731968
1744062086.001938,600037,21131153,0,131892244,124016084,124156048,0,1055420,0,224604,4871060,123500,4037128,101104,833932,1048576,1048576,0,0,0,0,5089208,427980,120200,91372,651188,91372,559816,24784,42412,0,0,0,65946120,8327520,34359738367,478780,0,53760,0,1118208,0,0,0,0,0,0,0,0,2048,0,341264,12144640,123731968
1744062087.002009,600037,21131153,0,131892244,124016084,124156048,0,1055420,0,224604,4871060,123500,4037128,101104,833932,1048576,1048576,0,0,0,0,5089208,427980,120200,91372,651188,91372,559816,24784,42412,0,0,0,65946120,8327520,34359738367,478780,0,53760,0,1118208,0,0,0,0,0,0,0,0,2048,0,341264,12144640,123731968
1744062088.001426,600037,21131153,0,131892244,124016084,124156048,0,1055420,0,224604,4871060,123500,4037128,101104,833932,1048576,1048576,0,0,0,0,5089208,427980,120200,91372,651188,91372,559816,24784,42412,0,0,0,65946120,8327520,34359738367,478780,0,53760,0,1118208,0,0,0,0,0,0,0,0,2048,0,341264,12144640,123731968
1744062089.001498,600037,21131153,0,131892244,124016084,124156048,0,1055420,0,224604,4871060,123500,4037128,101104,833932,1048576,1048576,0,0,0,0,5089208,427980,120200,91372,651188,91372,559816,24784,42412,0,0,0,65946120,8327520,34359738367,478780,0,53760,0,1118208,0,0,0,0,0,0,0,0,2048,0,341264,12144640,123731968
1744062090.012740,600037,21131153,0,131892244,124016084,124156048,0,1055420,0,224604,4871060,123500,4037128,101104,833932,1048576,1048576,0,0,0,0,5089208,427980,120200,91372,651188,91372,559816,24784,42412,0,0,0,65946120,8327520,34359738367,478780,0,53760,0,1118208,0,0,0,0,0,0,0,0,2048,0,341264,12144640,123731968
1744062091.001801,600037,21131153,0,131892244,124016084,124156048,0,1055420,0,224604,4871060,123500,4037128,101104,833932,1048576,1048576,0,0,0,0,5089208,427980,120200,91372,651188,91372,559816,24784,42412,0,0,0,65946120,8327520,34359738367,478780,0,53760,0,1118208,0,0,0,0,0,0,0,0,2048,0,341264,12144640,123731968
1744062092.002086,600037,21131153,0,131892244,124016084,124156048,0,1055420,0,224604,4871060,123500,4037128,101104,833932,1048576,1048576,0,0,0,0,5089208,427980,120200,91372,651188,91372,559816,24784,42412,0,0,0,65946120,8327520,34359738367,478780,0,53760,0,1118208,0,0,0,0,0,0,0,0,2048,0,341264,12144640,123731968
1744062093.001467,600037,21131153,0,131892244,124016076,124156040,0,1055420,0,224604,4871060,123500,4037128,101104,833932,1048576,1048576,0,0,0,0,5089208,427980,120200,91372,651196,91372,559824,24784,42412,0,0,0,65946120,8327520,34359738367,478780,0,53760,0,1118208,0,0,0,0,0,0,0,0,2048,0,341264,12144640,123731968
1744062094.001544,600037,21131153,0,131892244,124016076,124156040,0,1055420,0,224604,4871060,123500,4037128,101104,833932,1048576,1048576,0,0,0,0,5089208,427980,120200,91372,651196,91372,559824,24784,42412,0,0,0,65946120,8327520,34359738367,478780,0,53760,0,1118208,0,0,0,0,0,0,0,0,2048,0,341264,12144640,123731968
1744062095.001873,600037,21131153,0,131892244,124016104,124156068,0,1055420,0,224604,4871060,123500,4037128,101104,833932,1048576,1048576,0,0,0,0,5089208,427980,120200,91372,651196,91372,559824,24784,42412,0,0,0,65946120,8327520,34359738367,478780,0,53760,0,1118208,0,0,0,0,0,0,0,0,2048,0,341264,12144640,123731968
1744062096.002227,600037,21131153,0,131892244,124016104,124156068,0,1055420,0,224604,4871060,123500,4037128,101104,833932,1048576,1048576,0,0,0,0,5089208,427980,120200,91372,651196,91372,559824,24784,42412,0,0,0,65946120,8327520,34359738367,478780,0,53760,0,1118208,0,0,0,0,0,0,0,0,2048,0,341264,12144640,123731968
1744062097.001295,600037,21131153,0,131892244,124016104,124156068,0,1055420,0,224604,4871060,123500,4037128,101104,833932,1048576,1048576,0,0,0,0,5089208,427980,120200,91372,651196,91372,559824,24784,42412,0,0,0,65946120,8327520,34359738367,478780,0,53760,0,1118208,0,0,0,0,0,0,0,0,2048,0,341264,12144640,123731968
1744062098.001624,600037,21131153,0,131892244,124016104,124156068,0,1055420,0,224604,4871060,123500,4037128,101104,833932,1048576,1048576,0,0,0,0,5089208,427980,120200,91372,651196,91372,559824,24784,42412,0,0,0,65946120,8327520,34359738367,478780,0,53760,0,1118208,0,0,0,0,0,0,0,0,2048,0,341264,12144640,123731968
1744062099.001994,600037,21131153,0,131892244,124016104,124156068,0,1055420,0,224604,4871060,123500,4037128,101104,833932,1048576,1048576,0,0,0,0,5089208,427980,120200,91372,651196,91372,559824,24784,42412,0,0,0,65946120,8327520,34359738367,478780,0,53760,0,1118208,0,0,0,0,0,0,0,0,2048,0,341264,12144640,123731968
1744062100.002069,600037,21131153,0,131892244,124016104,124156068,0,1055420,0,224604,4871060,123500,4037128,101104,833932,1048576,1048576,0,0,0,0,5089208,427980,120200,91372,651196,91372,559824,24784,42412,0,0,0,65946120,8327520,34359738367,478780,0,53760,0,1118208,0,0,0,0,0,0,0,0,2048,0,341264,12144640,123731968
1744062101.001530,600037,21131153,0,131892244,124016124,124156088,0,1055420,0,224604,4871060,123500,4037128,101104,833932,1048576,1048576,0,0,0,0,5089208,427980,120200,91372,651204,91372,559832,24784,42412,0,0,0,65946120,8327520,34359738367,478780,0,53760,0,1118208,0,0,0,0,0,0,0,0,2048,0,341264,12144640,123731968
1744062102.001977,600037,21131153,0,131892244,124016124,124156088,0,1055420,0,224604,4871060,123500,4037128,101104,833932,1048576,1048576,0,0,0,0,5089208,427980,120200,91372,651204,91372,559832,24784,42412,0,0,0,65946120,8327520,34359738367,478780,0,53760,0,1118208,0,0,0,0,0,0,0,0,2048,0,341264,12144640,123731968
1744062103.002046,600037,21131153,0,131892244,124016124,124156088,0,1055420,0,224604,4871060,123500,4037128,101104,833932,1048576,1048576,0,0,0,0,5089208,427980,120200,91372,651204,91372,559832,24784,42412,0,0,0,65946120,8327520,34359738367,478780,0,53760,0,1118208,0,0,0,0,0,0,0,0,2048,0,341264,12144640,123731968
1744062104.001467,600037,21131153,0,131892244,124016124,124156088,0,1055420,0,224604,4871060,123500,4037128,101104,833932,1048576,1048576,0,0,0,0,5089208,427980,120200,91372,651204,91372,559832,24784,42412,0,0,0,65946120,8327520,34359738367,478780,0,53760,0,1118208,0,0,0,0,0,0,0,0,2048,0,341264,12144640,123731968
1744062105.001538,600037,21131153,0,131892244,124016116,124156080,0,1055420,0,224604,4871060,123500,4037128,101104,833932,1048576,1048576,0,0,0,0,5089208,427980,120200,91372,651212,91372,559840,24784,42412,0,0,0,65946120,8327520,34359738367,478780,0,53760,0,1118208,0,0,0,0,0,0,0,0,2048,0,341264,12144640,123731968
1744062106.001997,600037,21131153,0,131892244,124016116,124156080,0,1055420,0,224604,4871060,123500,4037128,101104,833932,1048576,1048576,0,0,0,0,5089208,427980,120200,91372,651212,91372,559840,24784,42412,0,0,0,65946120,8327520,34359738367,478780,0,53760,0,1118208,0,0,0,0,0,0,0,0,2048,0,341264,12144640,123731968
1744062107.002067,600037,21131153,0,131892244,124016116,124156080,0,1055420,0,224604,4871060,123500,4037128,101104,833932,1048576,1048576,0,0,0,0,5089208,427980,120200,91372,651212,91372,559840,24784,42412,0,0,0,65946120,8327520,34359738367,478780,0,53760,0,1118208,0,0,0,0,0,0,0,0,2048,0,341264,12144640,123731968
1744062108.001487,600037,21131153,0,131892244,124016116,124156080,0,1055420,0,224604,4871060,123500,4037128,101104,833932,1048576,1048576,0,0,0,0,5089208,427980,120200,91372,651212,91372,559840,24784,42412,0,0,0,65946120,8327520,34359738367,478780,0,53760,0,1118208,0,0,0,0,0,0,0,0,2048,0,341264,12144640,123731968
1744062109.001557,600037,21131153,0,131892244,124016108,124156072,0,1055420,0,224604,4871060,123500,4037128,101104,833932,1048576,1048576,0,0,0,0,5089208,427980,120200,91372,651220,91372,559848,24784,42412,0,0,0,65946120,8327520,34359738367,478780,0,53760,0,1118208,0,0,0,0,0,0,0,0,2048,0,341264,12144640,123731968
1744062110.012891,600037,21131153,0,131892244,124016116,124156080,0,1055420,0,224604,4871060,123500,4037128,101104,833932,1048576,1048576,0,0,0,0,5089208,427980,120200,91372,651212,91372,559840,24784,42412,0,0,0,65946120,8327520,34359738367,478780,0,53760,0,1118208,0,0,0,0,0,0,0,0,2048,0,341264,12144640,123731968
1744062111.001958,600037,21131153,0,131892244,124016116,124156080,0,1055420,0,224604,4871060,123500,4037128,101104,833932,1048576,1048576,0,0,0,0,5089208,427980,120200,91372,651212,91372,559840,24784,42412,0,0,0,65946120,8327520,34359738367,478780,0,53760,0,1118208,0,0,0,0,0,0,0,0,2048,0,341264,12144640,123731968
1744062112.001230,600037,21131153,0,131892244,124016116,124156080,0,1055420,0,224604,4871060,123500,4037128,101104,833932,1048576,1048576,0,0,0,0,5089208,427980,120200,91372,651212,91372,559840,24784,42412,0,0,0,65946120,8327520,34359738367,478780,0,53760,0,1118208,0,0,0,0,0,0,0,0,2048,0,341264,12144640,123731968
1744062113.001607,600037,21131153,0,131892244,124016120,124156084,0,1055420,0,224604,4871060,123500,4037128,101104,833932,1048576,1048576,0,0,0,0,5089208,427980,120200,91372,651212,91372,559840,24784,42412,0,0,0,65946120,8327520,34359738367,478780,0,53760,0,1118208,0,0,0,0,0,0,0,0,2048,0,341264,12144640,123731968
1744062114.001681,600037,21131153,0,131892244,124016120,124156084,0,1055420,0,224604,4871060,123500,4037128,101104,833932,1048576,1048576,0,0,0,0,5089208,427980,120200,91372,651212,91372,559840,24784,42412,0,0,0,65946120,8327520,34359738367,478780,0,53760,0,1118208,0,0,0,0,0,0,0,0,2048,0,341264,12144640,123731968
1744062115.001995,600037,21131153,0,131892244,124016120,124156084,0,1055420,0,224604,4871060,123500,4037128,101104,833932,1048576,1048576,0,0,0,0,5089208,427980,120200,91372,651212,91372,559840,24784,42412,0,0,0,65946120,8327520,34359738367,478780,0,53760,0,1118208,0,0,0,0,0,0,0,0,2048,0,341264,12144640,123731968
1744062116.001375,600037,21131153,0,131892244,124016120,124156084,0,1055420,0,224604,4871060,123500,4037128,101104,833932,1048576,1048576,0,0,0,0,5089208,427980,120200,91372,651212,91372,559840,24784,42412,0,0,0,65946120,8327520,34359738367,478780,0,53760,0,1118208,0,0,0,0,0,0,0,0,2048,0,341264,12144640,123731968
1744062117.001447,600037,21131153,0,131892244,124016120,124156084,0,1055420,0,224604,4871060,123500,4037128,101104,833932,1048576,1048576,0,0,0,0,5089208,427980,120200,91372,651212,91372,559840,24784,42412,0,0,0,65946120,8327520,34359738367,478780,0,53760,0,1118208,0,0,0,0,0,0,0,0,2048,0,341264,12144640,123731968
1744062118.001782,600037,21131153,0,131892244,124016128,124156092,0,1055420,0,224604,4871060,123500,4037128,101104,833932,1048576,1048576,0,0,0,0,5089208,427980,120200,91372,651212,91372,559840,24784,42412,0,0,0,65946120,8327520,34359738367,478780,0,53760,0,1118208,0,0,0,0,0,0,0,0,2048,0,341264,12144640,123731968
1744062119.002128,600037,21131153,0,131892244,124016128,124156092,0,1055420,0,224604,4871060,123500,4037128,101104,833932,1048576,1048576,0,0,0,0,5089208,427980,120200,91372,651212,91372,559840,24784,42412,0,0,0,65946120,8327520,34359738367,478780,0,53760,0,1118208,0,0,0,0,0,0,0,0,2048,0,341264,12144640,123731968
1744062120.001196,600037,21131153,0,131892244,124016128,124156092,0,1055420,0,224604,4871060,123500,4037128,101104,833932,1048576,1048576,0,0,0,0,5089208,427980,120200,91372,651212,91372,559840,24784,42412,0,0,0,65946120,8327520,34359738367,478780,0,53760,0,1118208,0,0,0,0,0,0,0,0,2048,0,341264,12144640,123731968
1744062121.001630,600037,21131153,0,131892244,124016152,124156116,0,1055420,0,224604,4871060,123500,4037128,101104,833932,1048576,1048576,0,0,0,0,5089208,427980,120200,91372,651212,91372,559840,24784,42412,0,0,0,65946120,8327520,34359738367,478780,0,53760,0,1118208,0,0,0,0,0,0,0,0,2048,0,341264,12144640,123731968
1744062122.001139,600037,21131153,0,131892244,124016152,124156116,0,1055420,0,224604,4871060,123500,4037128,101104,833932,1048576,1048576,0,0,0,0,5089208,427980,120200,91372,651212,91372,559840,24784,42412,0,0,0,65946120,8327520,34359738367,478780,0,53760,0,1118208,0,0,0,0,0,0,0,0,2048,0,341264,12144640,123731968
1744062123.001211,600037,21131153,0,131892244,124016148,124156112,0,1055420,0,224604,4871060,123500,4037128,101104,833932,1048576,1048576,0,0,0,0,5089208,427980,120200,91372,651244,91372,559872,24784,42412,0,0,0,65946120,8327520,34359738367,478780,0,53760,0,1118208,0,0,0,0,0,0,0,0,2048,0,341264,12144640,123731968
1744062124.001669,600037,21131153,0,131892244,124016148,124156112,0,1055420,0,224604,4871060,123500,4037128,101104,833932,1048576,1048576,0,0,0,0,5089208,427980,120200,91372,651244,91372,559872,24784,42412,0,0,0,65946120,8327520,34359738367,478780,0,53760,0,1118208,0,0,0,0,0,0,0,0,2048,0,341264,12144640,123731968
1744062125.001737,600037,21131153,0,131892244,124016200,124156164,0,1055420,0,224604,4871060,123500,4037128,101104,833932,1048576,1048576,0,0,0,0,5089208,427980,120200,91372,651244,91372,559872,24784,42412,0,0,0,65946120,8327520,34359738367,478780,0,53760,0,1118208,0,0,0,0,0,0,0,0,2048,0,341264,12144640,123731968
1744062126.002198,600037,21131153,0,131892244,124016200,124156164,0,1055420,0,224604,4871060,123500,4037128,101104,833932,1048576,1048576,0,0,0,0,5089208,427980,120200,91372,651244,91372,559872,24784,42412,0,0,0,65946120,8327520,34359738367,478780,0,53760,0,1118208,0,0,0,0,0,0,0,0,2048,0,341264,12144640,123731968
1744062127.001265,600037,21131153,0,131892244,124016200,124156164,0,1055420,0,224604,4871060,123500,4037128,101104,833932,1048576,1048576,0,0,0,0,5089208,427980,120200,91372,651244,91372,559872,24784,42412,0,0,0,65946120,8327520,34359738367,478780,0,53760,0,1118208,0,0,0,0,0,0,0,0,2048,0,341264,12144640,123731968
1744062128.001720,600037,21131153,0,131892244,124016200,124156164,0,1055420,0,224604,4871060,123500,4037128,101104,833932,1048576,1048576,0,0,0,0,5089208,427980,120200,91372,651244,91372,559872,24784,42412,0,0,0,65946120,8327520,34359738367,478780,0,53760,0,1118208,0,0,0,0,0,0,0,0,2048,0,341264,12144640,123731968
1744062129.001795,600037,21131153,0,131892244,124016200,124156164,0,1055420,0,224604,4871060,123500,4037128,101104,833932,1048576,1048576,0,0,0,0,5089208,427980,120200,91372,651244,91372,559872,24784,42412,0,0,0,65946120,8327520,34359738367,478780,0,53760,0,1118208,0,0,0,0,0,0,0,0,2048,0,341264,12144640,123731968
1744062130.013374,600037,21131153,0,131892244,124016200,124156164,0,1055420,0,224604,4871060,123500,4037128,101104,833932,1048576,1048576,0,0,0,0,5089208,427980,120200,91372,651244,91372,559872,24784,42412,0,0,0,65946120,8327520,34359738367,478780,0,53760,0,1118208,0,0,0,0,0,0,0,0,2048,0,341264,12144640,123731968
1744062131.001434,600037,21131153,0,131892244,124016200,124156164,0,1055420,0,224604,4871060,123500,4037128,101104,833932,1048576,1048576,0,0,0,0,5089208,427980,120200,91372,651244,91372,559872,24784,42412,0,0,0,65946120,8327520,34359738367,478780,0,53760,0,1118208,0,0,0,0,0,0,0,0,2048,0,341264,12144640,123731968
1744062132.001762,600037,21131153,0,131892244,124016200,124156164,0,1055420,0,224604,4871060,123500,4037128,101104,833932,1048576,1048576,0,0,0,0,5089208,427980,120200,91372,651244,91372,559872,24784,42412,0,0,0,65946120,8327520,34359738367,478780,0,53760,0,1118208,0,0,0,0,0,0,0,0,2048,0,341264,12144640,123731968
1744062133.002141,600037,21131153,0,131892244,124016200,124156164,0,1055420,0,224604,4871060,123500,4037128,101104,833932,1048576,1048576,0,0,0,0,5089208,427980,120200,91372,651244,91372,559872,24784,42412,0,0,0,65946120,8327520,34359738367,478780,0,53760,0,1118208,0,0,0,0,0,0,0,0,2048,0,341264,12144640,123731968
1744062134.001211,600037,21131153,0,131892244,124016168,124156132,0,1055420,0,224604,4871060,123500,4037128,101104,833932,1048576,1048576,0,0,0,0,5089208,427980,120200,91372,651276,91372,559904,24784,42412,0,0,0,65946120,8327520,34359738367,478780,0,53760,0,1118208,0,0,0,0,0,0,0,0,2048,0,341264,12144640,123731968
1744062135.001547,600037,21131153,0,131892244,124016196,124156160,0,1055420,0,224604,4871060,123500,4037128,101104,833932,1048576,1048576,0,0,0,0,5089208,427980,120200,91372,651276,91372,559904,24784,42412,0,0,0,65946120,8327520,34359738367,478780,0,53760,0,1118208,0,0,0,0,0,0,0,0,2048,0,341264,12144640,123731968
1744062136.001933,600037,21131153,0,131892244,124016196,124156160,0,1055420,0,224604,4871060,123500,4037128,101104,833932,1048576,1048576,0,0,0,0,5089208,427980,120200,91372,651276,91372,559904,24784,42412,0,0,0,65946120,8327520,34359738367,478780,0,53760,0,1118208,0,0,0,0,0,0,0,0,2048,0,341264,12144640,123731968
1744062137.002003,600037,21131153,0,131892244,124016196,124156160,0,1055420,0,224604,4871060,123500,4037128,101104,833932,1048576,1048576,0,0,0,0,5089208,427980,120200,91372,651276,91372,559904,24784,42412,0,0,0,65946120,8327520,34359738367,478780,0,53760,0,1118208,0,0,0,0,0,0,0,0,2048,0,341264,12144640,123731968
1744062138.001337,600037,21131153,0,131892244,124016196,124156160,0,1055420,0,224604,4871060,123500,4037128,101104,833932,1048576,1048576,0,0,0,0,5089208,427980,120200,91372,651276,91372,559904,24784,42412,0,0,0,65946120,8327520,34359738367,478780,0,53760,0,1118208,0,0,0,0,0,0,0,0,2048,0,341264,12144640,123731968
1744062139.001721,600037,21131153,0,131892244,124016196,124156160,0,1055420,0,224604,4871060,123500,4037128,101104,833932,1048576,1048576,0,0,0,0,5089208,427980,120200,91372,651276,91372,559904,24784,42412,0,0,0,65946120,8327520,34359738367,478780,0,53760,0,1118208,0,0,0,0,0,0,0,0,2048,0,341264,12144640,123731968
1744062140.001795,600037,21131153,0,131892244,124016196,124156160,0,1055420,0,224604,4871060,123500,4037128,101104,833932,1048576,1048576,0,0,0,0,5089208,427980,120200,91372,651276,91372,559904,24784,42412,0,0,0,65946120,8327520,34359738367,478780,0,53760,0,1118208,0,0,0,0,0,0,0,0,2048,0,341264,12144640,123731968
1744062141.001392,600037,21131153,0,131892244,124016196,124156160,0,1055420,0,224604,4871060,123500,4037128,101104,833932,1048576,1048576,0,0,0,0,5089208,427980,120200,91372,651276,91372,559904,24784,42412,0,0,0,65946120,8327520,34359738367,478780,0,53760,0,1118208,0,0,0,0,0,0,0,0,2048,0,341264,12144640,123731968
1744062142.001840,600037,21131153,0,131892244,124016196,124156160,0,1055420,0,224604,4871060,123500,4037128,101104,833932,1048576,1048576,0,0,0,0,5089208,427980,120200,91372,651276,91372,559904,24784,42412,0,0,0,65946120,8327520,34359738367,478780,0,53760,0,1118208,0,0,0,0,0,0,0,0,2048,0,341264,12144640,123731968
1744062143.001917,600037,21131153,0,131892244,124016300,124156264,0,1055420,0,224604,4871060,123500,4037128,101104,833932,1048576,1048576,0,0,0,0,5089208,427980,120200,91372,651172,91372,559800,24784,42412,0,0,0,65946120,8327520,34359738367,478780,0,53760,0,1118208,0,0,0,0,0,0,0,0,2048,0,341264,12144640,123731968
1744062144.001364,600037,21131153,0,131892244,124016300,124156264,0,1055420,0,224604,4871060,123500,4037128,101104,833932,1048576,1048576,0,0,0,0,5089208,427980,120200,91372,651172,91372,559800,24784,42412,0,0,0,65946120,8327520,34359738367,478780,0,53760,0,1118208,0,0,0,0,0,0,0,0,2048,0,341264,12144640,123731968
1744062145.001441,600037,21131153,0,131892244,124016300,124156264,0,1055420,0,224604,4871060,123500,4037128,101104,833932,1048576,1048576,0,0,0,0,5089208,427980,120200,91372,651172,91372,559800,24784,42412,0,0,0,65946120,8327520,34359738367,478780,0,53760,0,1118208,0,0,0,0,0,0,0,0,2048,0,341264,12144640,123731968
1744062146.001890,600037,21131153,0,131892244,124016300,124156264,0,1055420,0,224604,4871060,123500,4037128,101104,833932,1048576,1048576,0,0,0,0,5089208,427980,120200,91372,651172,91372,559800,24784,42412,0,0,0,65946120,8327520,34359738367,478780,0,53760,0,1118208,0,0,0,0,0,0,0,0,2048,0,341264,12144640,123731968
1744062147.001964,600037,21131153,0,131892244,124016300,124156264,0,1055420,0,224604,4871060,123500,4037128,101104,833932,1048576,1048576,0,0,0,0,5089208,427980,120200,91372,651172,91372,559800,24784,42412,0,0,0,65946120,8327520,34359738367,478780,0,53760,0,1118208,0,0,0,0,0,0,0,0,2048,0,341264,12144640,123731968
1744062148.001417,600037,21131153,0,131892244,124016300,124156264,0,1055420,0,224604,4871060,123500,4037128,101104,833932,1048576,1048576,0,0,0,0,5089208,427980,120200,91372,651172,91372,559800,24784,42412,0,0,0,65946120,8327520,34359738367,478780,0,53760,0,1118208,0,0,0,0,0,0,0,0,2048,0,341264,12144640,123731968
1744062149.001493,600037,21131153,0,131892244,124016300,124156264,0,1055420,0,224604,4871060,123500,4037128,101104,833932,1048576,1048576,0,0,0,0,5089208,427980,120200,91372,651172,91372,559800,24784,42412,0,0,0,65946120,8327520,34359738367,478780,0,53760,0,1118208,0,0,0,0,0,0,0,0,2048,0,341264,12144640,123731968
1744062150.013347,600037,21131153,0,131892244,124016300,124156264,0,1055420,0,224604,4871060,123500,4037128,101104,833932,1048576,1048576,0,0,0,0,5089208,427980,120200,91372,651172,91372,559800,24784,42412,0,0,0,65946120,8327520,34359738367,478780,0,53760,0,1118208,0,0,0,0,0,0,0,0,2048,0,341264,12144640,123731968
1744062151.001404,600037,21131153,0,131892244,124016300,124156264,0,1055420,0,224604,4871060,123500,4037128,101104,833932,1048576,1048576,0,0,0,0,5089208,427980,120200,91372,651172,91372,559800,24784,42412,0,0,0,65946120,8327520,34359738367,478780,0,53760,0,1118208,0,0,0,0,0,0,0,0,2048,0,341264,12144640,123731968
1744062152.001732,600037,21131153,0,131892244,124016300,124156264,0,1055420,0,224604,4871060,123500,4037128,101104,833932,1048576,1048576,0,0,0,0,5089208,427980,120200,91372,651172,91372,559800,24784,42412,0,0,0,65946120,8327520,34359738367,478780,0,53760,0,1118208,0,0,0,0,0,0,0,0,2048,0,341264,12144640,123731968
1744062153.002114,600037,21131153,0,131892244,124016300,124156264,0,1055420,0,224604,4871060,123500,4037128,101104,833932,1048576,1048576,0,0,0,0,5089208,427980,120200,91372,651172,91372,559800,24784,42412,0,0,0,65946120,8327520,34359738367,478780,0,53760,0,1118208,0,0,0,0,0,0,0,0,2048,0,341264,12144640,123731968
1744062154.001178,600037,21131153,0,131892244,124016328,124156292,0,1055420,0,224604,4871060,123500,4037128,101104,833932,1048576,1048576,0,0,0,0,5089208,427980,120200,91372,651172,91372,559800,24784,42412,0,0,0,65946120,8327520,34359738367,478780,0,53760,0,1118208,0,0,0,0,0,0,0,0,2048,0,341264,12144640,123731968
1744062155.001510,600037,21131153,0,131892244,124016328,124156292,0,1055420,0,224604,4871060,123500,4037128,101104,833932,1048576,1048576,0,0,0,0,5089208,427980,120200,91372,651172,91372,559800,24784,42412,0,0,0,65946120,8327520,34359738367,478780,0,53760,0,1118208,0,0,0,0,0,0,0,0,2048,0,341264,12144640,123731968
1744062156.001889,600037,21131153,0,131892244,124016328,124156292,0,1055420,0,224604,4871060,123500,4037128,101104,833932,1048576,1048576,0,0,0,0,5089208,427980,120200,91372,651172,91372,559800,24784,42412,0,0,0,65946120,8327520,34359738367,478780,0,53760,0,1118208,0,0,0,0,0,0,0,0,2048,0,341264,12144640,123731968
1744062157.001955,600037,21131153,0,131892244,124016328,124156292,0,1055420,0,224604,4871060,123500,4037128,101104,833932,1048576,1048576,0,0,0,0,5089208,427980,120200,91372,651172,91372,559800,24784,42412,0,0,0,65946120,8327520,34359738367,478780,0,53760,0,1118208,0,0,0,0,0,0,0,0,2048,0,341264,12144640,123731968
1744062158.001286,600037,21131153,0,131892244,124016328,124156292,0,1055420,0,224604,4871060,123500,4037128,101104,833932,1048576,1048576,0,0,0,0,5089208,427980,120200,91372,651172,91372,559800,24784,42412,0,0,0,65946120,8327520,34359738367,478780,0,53760,0,1118208,0,0,0,0,0,0,0,0,2048,0,341264,12144640,123731968
1744062159.001668,600037,21131153,0,131892244,124016328,124156292,0,1055420,0,224604,4871060,123500,4037128,101104,833932,1048576,1048576,0,0,0,0,5089208,427980,120200,91372,651172,91372,559800,24784,42412,0,0,0,65946120,8327520,34359738367,478780,0,53760,0,1118208,0,0,0,0,0,0,0,0,2048,0,341264,12144640,123731968
1744062160.001737,600037,21131153,0,131892244,124016328,124156292,0,1055420,0,224604,4871060,123500,4037128,101104,833932,1048576,1048576,0,0,0,0,5089208,427980,120200,91372,651172,91372,559800,24784,42412,0,0,0,65946120,8327520,34359738367,478780,0,53760,0,1118208,0,0,0,0,0,0,0,0,2048,0,341264,12144640,123731968
1744062161.001945,600037,21131153,0,131892244,124016328,124156292,0,1055420,0,224604,4871060,123500,4037128,101104,833932,1048576,1048576,0,0,0,0,5089208,427980,120200,91372,651172,91372,559800,24784,42412,0,0,0,65946120,8327520,34359738367,478780,0,53760,0,1118208,0,0,0,0,0,0,0,0,2048,0,341264,12144640,123731968
1744062162.001394,600037,21131153,0,131892244,124016328,124156292,0,1055420,0,224604,4871060,123500,4037128,101104,833932,1048576,1048576,0,0,0,0,5089208,427980,120200,91372,651172,91372,559800,24784,42412,0,0,0,65946120,8327520,34359738367,478780,0,53760,0,1118208,0,0,0,0,0,0,0,0,2048,0,341264,12144640,123731968
1744062163.001460,600037,21131153,0,131892244,124016328,124156292,0,1055420,0,224604,4871060,123500,4037128,101104,833932,1048576,1048576,0,0,0,0,5089208,427980,120200,91372,651172,91372,559800,24784,42412,0,0,0,65946120,8327520,34359738367,478780,0,53760,0,1118208,0,0,0,0,0,0,0,0,2048,0,341264,12144640,123731968
1744062164.001909,600037,21131153,0,131892244,124016328,124156292,0,1055420,0,224604,4871060,123500,4037128,101104,833932,1048576,1048576,0,0,0,0,5089208,427980,120200,91372,651172,91372,559800,24784,42412,0,0,0,65946120,8327520,34359738367,478780,0,53760,0,1118208,0,0,0,0,0,0,0,0,2048,0,341264,12144640,123731968
1744062165.001982,600037,21131153,0,131892244,124016328,124156292,0,1055420,0,224604,4871060,123500,4037128,101104,833932,1048576,1048576,0,0,0,0,5089208,427980,120200,91372,651172,91372,559800,24784,42412,0,0,0,65946120,8327520,34359738367,478780,0,53760,0,1118208,0,0,0,0,0,0,0,0,2048,0,341264,12144640,123731968
1744062166.001429,600037,21131153,0,131892244,124016328,124156292,0,1055420,0,224604,4871060,123500,4037128,101104,833932,1048576,1048576,0,0,0,0,5089208,427980,120200,91372,651172,91372,559800,24784,42412,0,0,0,65946120,8327520,34359738367,478780,0,53760,0,1118208,0,0,0,0,0,0,0,0,2048,0,341264,12144640,123731968
1744062167.001496,600037,21131153,0,131892244,124016328,124156292,0,1055420,0,224604,4871060,123500,4037128,101104,833932,1048576,1048576,0,0,0,0,5089208,427980,120200,91372,651172,91372,559800,24784,42412,0,0,0,65946120,8327520,34359738367,478780,0,53760,0,1118208,0,0,0,0,0,0,0,0,2048,0,341264,12144640,123731968
1744062168.001948,600037,21131153,0,131892244,124016328,124156292,0,1055420,0,224604,4871060,123500,4037128,101104,833932,1048576,1048576,0,0,0,0,5089208,427980,120200,91372,651172,91372,559800,24784,42412,0,0,0,65946120,8327520,34359738367,478780,0,53760,0,1118208,0,0,0,0,0,0,0,0,2048,0,341264,12144640,123731968
1744062169.002017,600037,21131153,0,131892244,124016328,124156292,0,1055420,0,224604,4871060,123500,4037128,101104,833932,1048576,1048576,0,0,0,0,5089208,427980,120200,91372,651172,91372,559800,24784,42412,0,0,0,65946120,8327520,34359738367,478780,0,53760,0,1118208,0,0,0,0,0,0,0,0,2048,0,341264,12144640,123731968
1744062170.012538,600037,21131153,0,131892244,124016328,124156292,0,1055420,0,224604,4871060,123500,4037128,101104,833932,1048576,1048576,0,0,0,0,5089208,427980,120200,91372,651172,91372,559800,24784,42412,0,0,0,65946120,8327520,34359738367,478780,0,53760,0,1118208,0,0,0,0,0,0,0,0,2048,0,341264,12144640,123731968
1744062171.001597,600037,21131153,0,131892244,124016328,124156292,0,1055420,0,224604,4871060,123500,4037128,101104,833932,1048576,1048576,0,0,0,0,5089208,427980,120200,91372,651172,91372,559800,24784,42412,0,0,0,65946120,8327520,34359738367,478780,0,53760,0,1118208,0,0,0,0,0,0,0,0,2048,0,341264,12144640,123731968
1744062172.001929,600037,21131153,0,131892244,124016328,124156292,0,1055420,0,224604,4871060,123500,4037128,101104,833932,1048576,1048576,0,0,0,0,5089208,427980,120200,91372,651172,91372,559800,24784,42412,0,0,0,65946120,8327520,34359738367,478780,0,53760,0,1118208,0,0,0,0,0,0,0,0,2048,0,341264,12144640,123731968
1744062173.002043,600037,21131153,0,131892244,124016328,124156292,0,1055420,0,224604,4871060,123500,4037128,101104,833932,1048576,1048576,0,0,0,0,5089208,427980,120200,91372,651172,91372,559800,24784,42412,0,0,0,65946120,8327520,34359738367,478780,0,53760,0,1118208,0,0,0,0,0,0,0,0,2048,0,341264,12144640,123731968
1744062174.001110,600037,21131153,0,131892244,124016332,124156320,0,1055420,0,224604,4871088,123500,4037132,101104,833956,1048576,1048576,0,0,0,0,5089208,427984,120200,91372,651172,91372,559800,24800,42412,0,0,0,65946120,8327520,34359738367,478780,0,53760,0,1118208,0,0,0,0,0,0,0,0,2048,0,341264,12144640,123731968
1744062175.001438,600037,21131153,0,131892244,124016332,124156320,0,1055420,0,224604,4871088,123500,4037132,101104,833956,1048576,1048576,0,0,0,0,5089208,427984,120200,91372,651172,91372,559800,24800,42412,0,0,0,65946120,8327520,34359738367,478780,0,53760,0,1118208,0,0,0,0,0,0,0,0,2048,0,341264,12144640,123731968
1744062176.001822,600037,21131153,0,131892244,124016332,124156320,0,1055420,0,224604,4871088,123500,4037132,101104,833956,1048576,1048576,0,0,0,0,5089208,427984,120200,91372,651172,91372,559800,24800,42412,0,0,0,65946120,8327520,34359738367,478780,0,53760,0,1118208,0,0,0,0,0,0,0,0,2048,0,341264,12144640,123731968
1744062177.001891,600037,21131153,0,131892244,124016332,124156320,0,1055420,0,224604,4871088,123500,4037132,101104,833956,1048576,1048576,0,0,0,0,5089208,427984,120200,91372,651172,91372,559800,24800,42412,0,0,0,65946120,8327520,34359738367,478780,0,53760,0,1118208,0,0,0,0,0,0,0,0,2048,0,341264,12144640,123731968
1744062178.001203,600037,21131153,0,131892244,124016332,124156320,0,1055420,0,224604,4871088,123500,4037132,101104,833956,1048576,1048576,0,0,0,0,5089208,427984,120200,91372,651172,91372,559800,24800,42412,0,0,0,65946120,8327520,34359738367,478780,0,53760,0,1118208,0,0,0,0,0,0,0,0,2048,0,341264,12144640,123731968
1744062179.001584,600037,21131153,0,131892244,124016332,124156320,0,1055420,0,224604,4871088,123500,4037132,101104,833956,1048576,1048576,0,0,0,0,5089208,427984,120200,91372,651172,91372,559800,24800,42412,0,0,0,65946120,8327520,34359738367,478780,0,53760,0,1118208,0,0,0,0,0,0,0,0,2048,0,341264,12144640,123731968
1744062180.001654,600037,21131153,0,131892244,124016332,124156320,0,1055420,0,224604,4871088,123500,4037132,101104,833956,1048576,1048576,0,0,0,0,5089208,427984,120200,91372,651172,91372,559800,24800,42412,0,0,0,65946120,8327520,34359738367,478780,0,53760,0,1118208,0,0,0,0,0,0,0,0,2048,0,341264,12144640,123731968
1744062181.001632,600037,21131153,0,131892244,124016360,124156348,0,1055420,0,224604,4871088,123500,4037132,101104,833956,1048576,1048576,0,0,0,0,5089208,427984,120200,91372,651172,91372,559800,24800,42412,0,0,0,65946120,8327520,34359738367,478780,0,53760,0,1118208,0,0,0,0,0,0,0,0,2048,0,341264,12144640,123731968
1744062182.002060,600037,21131153,0,131892244,124016364,124156352,0,1055420,0,224604,4871088,123500,4037132,101104,833956,1048576,1048576,0,0,0,0,5089208,427984,120200,91372,651172,91372,559800,24800,42412,0,0,0,65946120,8327520,34359738367,478780,0,53760,0,1118208,0,0,0,0,0,0,0,0,2048,0,341264,12144640,123731968
1744062183.001132,600037,21131153,0,131892244,124016364,124156352,0,1055420,0,224604,4871088,123500,4037132,101104,833956,1048576,1048576,0,0,0,0,5089208,427984,120200,91372,651172,91372,559800,24800,42412,0,0,0,65946120,8327520,34359738367,478780,0,53760,0,1118208,0,0,0,0,0,0,0,0,2048,0,341264,12144640,123731968
1744062184.001556,600037,21131153,0,131892244,124016364,124156352,0,1055420,0,224604,4871088,123500,4037132,101104,833956,1048576,1048576,0,0,0,0,5089208,427984,120200,91372,651172,91372,559800,24784,42412,0,0,0,65946120,8327520,34359738367,478764,0,53760,0,1118208,0,0,0,0,0,0,0,0,2048,0,341264,12144640,123731968
1744062185.001628,600037,21131153,0,131892244,124016364,124156352,0,1055420,0,224604,4871088,123500,4037132,101104,833956,1048576,1048576,0,0,0,0,5089208,427984,120200,91372,651172,91372,559800,24784,42412,0,0,0,65946120,8327520,34359738367,478764,0,53760,0,1118208,0,0,0,0,0,0,0,0,2048,0,341264,12144640,123731968
1744062186.002063,600037,21131153,0,131892244,124016364,124156352,0,1055420,0,224604,4871088,123500,4037132,101104,833956,1048576,1048576,0,0,0,0,5089208,427984,120200,91372,651172,91372,559800,24784,42412,0,0,0,65946120,8327520,34359738367,478764,0,53760,0,1118208,0,0,0,0,0,0,0,0,2048,0,341264,12144640,123731968
1744062187.001141,600037,21131153,0,131892244,124016364,124156352,0,1055420,0,224604,4871088,123500,4037132,101104,833956,1048576,1048576,0,0,0,0,5089208,427984,120200,91372,651172,91372,559800,24784,42412,0,0,0,65946120,8327520,34359738367,478764,0,53760,0,1118208,0,0,0,0,0,0,0,0,2048,0,341264,12144640,123731968
1744062188.001569,600037,21131153,0,131892244,124016364,124156352,0,1055420,0,224604,4871088,123500,4037132,101104,833956,1048576,1048576,0,0,0,0,5089208,427984,120200,91372,651172,91372,559800,24784,42412,0,0,0,65946120,8327520,34359738367,478764,0,53760,0,1118208,0,0,0,0,0,0,0,0,2048,0,341264,12144640,123731968
1744062189.001638,600037,21131153,0,131892244,124016364,124156352,0,1055420,0,224604,4871088,123500,4037132,101104,833956,1048576,1048576,0,0,0,0,5089208,427984,120200,91372,651172,91372,559800,24784,42412,0,0,0,65946120,8327520,34359738367,478764,0,53760,0,1118208,0,0,0,0,0,0,0,0,2048,0,341264,12144640,123731968
1744062190.013029,600037,21131153,0,131892244,124016392,124156380,0,1055420,0,224604,4871088,123500,4037132,101104,833956,1048576,1048576,0,0,0,0,5089208,427984,120200,91372,651172,91372,559800,24784,42412,0,0,0,65946120,8327520,34359738367,478764,0,53760,0,1118208,0,0,0,0,0,0,0,0,2048,0,341264,12144640,123731968
1744062191.001090,600037,21131153,0,131892244,124016392,124156380,0,1055420,0,224604,4871088,123500,4037132,101104,833956,1048576,1048576,0,0,0,0,5089208,427984,120200,91372,651172,91372,559800,24784,42412,0,0,0,65946120,8327520,34359738367,478764,0,53760,0,1118208,0,0,0,0,0,0,0,0,2048,0,341264,12144640,123731968
1744062192.001422,600037,21131153,0,131892244,124016392,124156380,0,1055420,0,224604,4871088,123500,4037132,101104,833956,1048576,1048576,0,0,0,0,5089208,427984,120200,91372,651172,91372,559800,24784,42412,0,0,0,65946120,8327520,34359738367,478764,0,53760,0,1118208,0,0,0,0,0,0,0,0,2048,0,341264,12144640,123731968
1744062193.001801,600037,21131153,0,131892244,124016392,124156380,0,1055420,0,224604,4871088,123500,4037132,101104,833956,1048576,1048576,0,0,0,0,5089208,427984,120200,91372,651172,91372,559800,24784,42412,0,0,0,65946120,8327520,34359738367,478764,0,53760,0,1118208,0,0,0,0,0,0,0,0,2048,0,341264,12144640,123731968
1744062194.001872,600037,21131153,0,131892244,124016392,124156380,0,1055420,0,224604,4871088,123500,4037132,101104,833956,1048576,1048576,0,0,0,0,5089208,427984,120200,91372,651172,91372,559800,24784,42412,0,0,0,65946120,8327520,34359738367,478764,0,53760,0,1118208,0,0,0,0,0,0,0,0,2048,0,341264,12144640,123731968
1744062195.001153,600037,21131153,0,131892244,124016392,124156380,0,1055420,0,224604,4871088,123500,4037132,101104,833956,1048576,1048576,0,0,0,0,5089208,427984,120200,91372,651172,91372,559800,24784,42412,0,0,0,65946120,8327520,34359738367,478764,0,53760,0,1118208,0,0,0,0,0,0,0,0,2048,0,341264,12144640,123731968
1744062196.001530,600037,21131153,0,131892244,124016392,124156380,0,1055420,0,224604,4871088,123500,4037132,101104,833956,1048576,1048576,0,0,0,0,5089208,427984,120200,91372,651172,91372,559800,24784,42412,0,0,0,65946120,8327520,34359738367,478764,0,53760,0,1118208,0,0,0,0,0,0,0,0,2048,0,341264,12144640,123731968
1744062197.001603,600037,21131153,0,131892244,124016392,124156380,0,1055420,0,224604,4871088,123500,4037132,101104,833956,1048576,1048576,0,0,0,0,5089208,427984,120200,91372,651172,91372,559800,24784,42412,0,0,0,65946120,8327520,34359738367,478764,0,53760,0,1118208,0,0,0,0,0,0,0,0,2048,0,341264,12144640,123731968
1744062198.001942,600037,21131153,0,131892244,124016392,124156380,0,1055420,0,224604,4871088,123500,4037132,101104,833956,1048576,1048576,0,0,0,0,5089208,427984,120200,91372,651172,91372,559800,24784,42412,0,0,0,65946120,8327520,34359738367,478764,0,53760,0,1118208,0,0,0,0,0,0,0,0,2048,0,341264,12144640,123731968
1744062199.001321,600037,21131153,0,131892244,124016392,124156380,0,1055420,0,224604,4871088,123500,4037132,101104,833956,1048576,1048576,0,0,0,0,5089208,427984,120200,91372,651172,91372,559800,24784,42412,0,0,0,65946120,8327520,34359738367,478764,0,53760,0,1118208,0,0,0,0,0,0,0,0,2048,0,341264,12144640,123731968
1744062200.001392,600037,21131153,0,131892244,124016392,124156380,0,1055420,0,224604,4871088,123500,4037132,101104,833956,1048576,1048576,0,0,0,0,5089208,427984,120200,91372,651172,91372,559800,24784,42412,0,0,0,65946120,8327520,34359738367,478764,0,53760,0,1118208,0,0,0,0,0,0,0,0,2048,0,341264,12144640,123731968
1744062201.001378,600037,21131153,0,131892244,124016392,124156380,0,1055420,0,224604,4871088,123500,4037132,101104,833956,1048576,1048576,0,0,0,0,5089208,427984,120200,91372,651172,91372,559800,24784,42412,0,0,0,65946120,8327520,34359738367,478764,0,53760,0,1118208,0,0,0,0,0,0,0,0,2048,0,341264,12144640,123731968
1744062202.001826,600037,21131153,0,131892244,124016392,124156380,0,1055420,0,224604,4871088,123500,4037132,101104,833956,1048576,1048576,0,0,0,0,5089208,427984,120200,91372,651172,91372,559800,24784,42412,0,0,0,65946120,8327520,34359738367,478764,0,53760,0,1118208,0,0,0,0,0,0,0,0,2048,0,341264,12144640,123731968
1744062203.001897,600037,21131153,0,131892244,124016392,124156380,0,1055420,0,224604,4871088,123500,4037132,101104,833956,1048576,1048576,0,0,0,0,5089208,427984,120200,91372,651172,91372,559800,24784,42412,0,0,0,65946120,8327520,34359738367,478764,0,53760,0,1118208,0,0,0,0,0,0,0,0,2048,0,341264,12144640,123731968
1744062204.001353,600037,21131153,0,131892244,124016392,124156380,0,1055420,0,224604,4871088,123500,4037132,101104,833956,1048576,1048576,0,0,0,0,5089208,427984,120200,91372,651172,91372,559800,24784,42412,0,0,0,65946120,8327520,34359738367,478764,0,53760,0,1118208,0,0,0,0,0,0,0,0,2048,0,341264,12144640,123731968
1744062205.001425,600037,21131153,0,131892244,124016392,124156380,0,1055420,0,224604,4871088,123500,4037132,101104,833956,1048576,1048576,0,0,0,0,5089208,427984,120200,91372,651172,91372,559800,24784,42412,0,0,0,65946120,8327520,34359738367,478764,0,53760,0,1118208,0,0,0,0,0,0,0,0,2048,0,341264,12144640,123731968
1744062206.001873,600037,21131153,0,131892244,124016420,124156408,0,1055420,0,224604,4871088,123500,4037132,101104,833956,1048576,1048576,0,0,0,0,5089208,427984,120200,91372,651172,91372,559800,24784,42412,0,0,0,65946120,8327520,34359738367,478764,0,53760,0,1118208,0,0,0,0,0,0,0,0,2048,0,341264,12144640,123731968
1744062207.001944,600037,21131153,0,131892244,124016420,124156408,0,1055420,0,224604,4871088,123500,4037132,101104,833956,1048576,1048576,0,0,0,0,5089208,427984,120200,91372,651172,91372,559800,24784,42412,0,0,0,65946120,8327520,34359738367,478764,0,53760,0,1118208,0,0,0,0,0,0,0,0,2048,0,341264,12144640,123731968
1744062208.001394,600037,21131153,0,131892244,124016420,124156408,0,1055420,0,224604,4871088,123500,4037132,101104,833956,1048576,1048576,0,0,0,0,5089208,427984,120200,91372,651172,91372,559800,24784,42412,0,0,0,65946120,8327520,34359738367,478764,0,53760,0,1118208,0,0,0,0,0,0,0,0,2048,0,341264,12144640,123731968
1744062209.001463,600037,21131153,0,131892244,124016420,124156408,0,1055420,0,224604,4871088,123500,4037132,101104,833956,1048576,1048576,0,0,0,0,5089208,427984,120200,91372,651172,91372,559800,24784,42412,0,0,0,65946120,8327520,34359738367,478764,0,53760,0,1118208,0,0,0,0,0,0,0,0,2048,0,341264,12144640,123731968
1744062210.012369,600037,21131153,0,131892244,124016420,124156408,0,1055420,0,224604,4871088,123500,4037132,101104,833956,1048576,1048576,0,0,0,0,5089208,427984,120200,91372,651172,91372,559800,24784,42412,0,0,0,65946120,8327520,34359738367,478764,0,53760,0,1118208,0,0,0,0,0,0,0,0,2048,0,341264,12144640,123731968
1744062211.001429,600037,21131153,0,131892244,124016420,124156408,0,1055420,0,224604,4871088,123500,4037132,101104,833956,1048576,1048576,0,0,0,0,5089208,427984,120200,91372,651172,91372,559800,24768,42412,0,0,0,65946120,8327520,34359738367,478764,0,53760,0,1118208,0,0,0,0,0,0,0,0,2048,0,341264,12144640,123731968
1744062212.001765,600037,21131153,0,131892244,124016420,124156408,0,1055420,0,224604,4871088,123500,4037132,101104,833956,1048576,1048576,0,0,0,0,5089208,427984,120200,91372,651172,91372,559800,24768,42412,0,0,0,65946120,8327520,34359738367,478764,0,53760,0,1118208,0,0,0,0,0,0,0,0,2048,0,341264,12144640,123731968
1744062213.002158,600037,21131153,0,131892244,124016420,124156408,0,1055420,0,224604,4871088,123500,4037132,101104,833956,1048576,1048576,0,0,0,0,5089208,427984,120200,91372,651172,91372,559800,24768,42412,0,0,0,65946120,8327520,34359738367,478764,0,53760,0,1118208,0,0,0,0,0,0,0,0,2048,0,341264,12144640,123731968
1744062214.001227,600037,21131153,0,131892244,124016420,124156408,0,1055420,0,224604,4871088,123500,4037132,101104,833956,1048576,1048576,0,0,0,0,5089208,427984,120200,91372,651172,91372,559800,24768,42412,0,0,0,65946120,8327520,34359738367,478764,0,53760,0,1118208,0,0,0,0,0,0,0,0,2048,0,341264,12144640,123731968
1744062215.001563,600037,21131153,0,131892244,124016420,124156408,0,1055420,0,224604,4871088,123500,4037132,101104,833956,1048576,1048576,0,0,0,0,5089208,427984,120200,91372,651172,91372,559800,24768,42412,0,0,0,65946120,8327520,34359738367,478764,0,53760,0,1118208,0,0,0,0,0,0,0,0,2048,0,341264,12144640,123731968
1744062216.001945,600037,21131153,0,131892244,124016448,124156436,0,1055420,0,224604,4871088,123500,4037132,101104,833956,1048576,1048576,0,0,0,0,5089208,427984,120200,91372,651172,91372,559800,24768,42412,0,0,0,65946120,8327520,34359738367,478764,0,53760,0,1118208,0,0,0,0,0,0,0,0,2048,0,341264,12144640,123731968
1744062217.002030,600037,21131153,0,131892244,124016448,124156436,0,1055420,0,224604,4871088,123500,4037132,101104,833956,1048576,1048576,0,0,0,0,5089208,427984,120200,91372,651172,91372,559800,24768,42412,0,0,0,65946120,8327520,34359738367,478764,0,53760,0,1118208,0,0,0,0,0,0,0,0,2048,0,341264,12144640,123731968
1744062218.001363,600037,21131153,0,131892244,124016448,124156436,0,1055420,0,224604,4871088,123500,4037132,101104,833956,1048576,1048576,0,0,0,0,5089208,427984,120200,91372,651172,91372,559800,24768,42412,0,0,0,65946120,8327520,34359738367,478764,0,53760,0,1118208,0,0,0,0,0,0,0,0,2048,0,341264,12144640,123731968
1744062219.001740,600037,21131153,0,131892244,124016448,124156436,0,1055420,0,224604,4871088,123500,4037132,101104,833956,1048576,1048576,0,0,0,0,5089208,427984,120200,91372,651172,91372,559800,24768,42412,0,0,0,65946120,8327520,34359738367,478764,0,53760,0,1118208,0,0,0,0,0,0,0,0,2048,0,341264,12144640,123731968
1744062220.001810,600037,21131153,0,131892244,124016448,124156436,0,1055420,0,224604,4871088,123500,4037132,101104,833956,1048576,1048576,0,0,0,0,5089208,427984,120200,91372,651172,91372,559800,24768,42412,0,0,0,65946120,8327520,34359738367,478764,0,53760,0,1118208,0,0,0,0,0,0,0,0,2048,0,341264,12144640,123731968
1744062221.001080,600037,21131153,0,131892244,124016448,124156436,0,1055420,0,224604,4871088,123500,4037132,101104,833956,1048576,1048576,0,0,0,0,5089208,427984,120200,91372,651172,91372,559800,24768,42412,0,0,0,65946120,8327520,34359738367,478764,0,53760,0,1118208,0,0,0,0,0,0,0,0,2048,0,341264,12144640,123731968
1744062222.001528,600037,21131153,0,131892244,124016448,124156436,0,1055420,0,224604,4871088,123500,4037132,101104,833956,1048576,1048576,0,0,0,0,5089208,427984,120200,91372,651172,91372,559800,24768,42412,0,0,0,65946120,8327520,34359738367,478764,0,53760,0,1118208,0,0,0,0,0,0,0,0,2048,0,341264,12144640,123731968
1744062223.001598,600037,21131153,0,131892244,124016448,124156436,0,1055420,0,224604,4871088,123500,4037132,101104,833956,1048576,1048576,0,0,0,0,5089208,427984,120200,91372,651172,91372,559800,24768,42412,0,0,0,65946120,8327520,34359738367,478764,0,53760,0,1118208,0,0,0,0,0,0,0,0,2048,0,341264,12144640,123731968
1744062224.002049,600037,21131153,0,131892244,124016448,124156436,0,1055420,0,224604,4871088,123500,4037132,101104,833956,1048576,1048576,0,0,0,0,5089208,427984,120200,91372,651172,91372,559800,24768,42412,0,0,0,65946120,8327520,34359738367,478764,0,53760,0,1118208,0,0,0,0,0,0,0,0,2048,0,341264,12144640,123731968
1744062225.001120,600037,21131153,0,131892244,124016448,124156436,0,1055420,0,224604,4871088,123500,4037132,101104,833956,1048576,1048576,0,0,0,0,5089208,427984,120200,91372,651172,91372,559800,24768,42412,0,0,0,65946120,8327520,34359738367,478764,0,53760,0,1118208,0,0,0,0,0,0,0,0,2048,0,341264,12144640,123731968
1744062226.001570,600037,21131153,0,131892244,124016448,124156436,0,1055420,0,224604,4871088,123500,4037132,101104,833956,1048576,1048576,0,0,0,0,5089208,427984,120200,91372,651172,91372,559800,24768,42412,0,0,0,65946120,8327520,34359738367,478764,0,53760,0,1118208,0,0,0,0,0,0,0,0,2048,0,341264,12144640,123731968
1744062227.001640,600037,21131153,0,131892244,124016448,124156436,0,1055420,0,224604,4871088,123500,4037132,101104,833956,1048576,1048576,0,0,0,0,5089208,427984,120200,91372,651172,91372,559800,24768,42412,0,0,0,65946120,8327520,34359738367,478764,0,53760,0,1118208,0,0,0,0,0,0,0,0,2048,0,341264,12144640,123731968
1744062228.002096,600037,21131153,0,131892244,124016448,124156436,0,1055420,0,224604,4871088,123500,4037132,101104,833956,1048576,1048576,0,0,0,0,5089208,427984,120200,91372,651172,91372,559800,24768,42412,0,0,0,65946120,8327520,34359738367,478764,0,53760,0,1118208,0,0,0,0,0,0,0,0,2048,0,341264,12144640,123731968
1744062229.001165,600037,21131153,0,131892244,124016448,124156436,0,1055420,0,224604,4871088,123500,4037132,101104,833956,1048576,1048576,0,0,0,0,5089208,427984,120200,91372,651172,91372,559800,24768,42412,0,0,0,65946120,8327520,34359738367,478764,0,53760,0,1118208,0,0,0,0,0,0,0,0,2048,0,341264,12144640,123731968
1744062230.012559,600037,21131153,0,131892244,124016448,124156436,0,1055420,0,224604,4871088,123500,4037132,101104,833956,1048576,1048576,0,0,0,0,5089208,427984,120200,91372,651172,91372,559800,24768,42412,0,0,0,65946120,8327520,34359738367,478764,0,53760,0,1118208,0,0,0,0,0,0,0,0,2048,0,341264,12144640,123731968
1744062231.001618,600037,21131153,0,131892244,124016448,124156436,0,1055420,0,224604,4871088,123500,4037132,101104,833956,1048576,1048576,0,0,0,0,5089208,427984,120200,91372,651172,91372,559800,24768,42412,0,0,0,65946120,8327520,34359738367,478764,0,53760,0,1118208,0,0,0,0,0,0,0,0,2048,0,341264,12144640,123731968
1744062232.001962,600037,21131153,0,131892244,124016448,124156436,0,1055420,0,224604,4871088,123500,4037132,101104,833956,1048576,1048576,0,0,0,0,5089208,427984,120200,91372,651172,91372,559800,24768,42412,0,0,0,65946120,8327520,34359738367,478764,0,53760,0,1118208,0,0,0,0,0,0,0,0,2048,0,341264,12144640,123731968
1744062233.001335,600037,21131153,0,131892244,124016448,124156436,0,1055420,0,224604,4871088,123500,4037132,101104,833956,1048576,1048576,0,0,0,0,5089208,427984,120200,91372,651172,91372,559800,24768,42412,0,0,0,65946120,8327520,34359738367,478764,0,53760,0,1118208,0,0,0,0,0,0,0,0,2048,0,341264,12144640,123731968
1744062234.001408,600037,21131153,0,131892244,124016448,124156436,0,1055420,0,224604,4871088,123500,4037132,101104,833956,1048576,1048576,0,0,0,0,5089208,427984,120200,91372,651172,91372,559800,24768,42412,0,0,0,65946120,8327520,34359738367,478764,0,53760,0,1118208,0,0,0,0,0,0,0,0,2048,0,341264,12144640,123731968
1744062235.001740,600037,21131153,0,131892244,124016448,124156436,0,1055420,0,224604,4871088,123500,4037132,101104,833956,1048576,1048576,0,0,0,0,5089208,427984,120200,91372,651172,91372,559800,24768,42412,0,0,0,65946120,8327520,34359738367,478764,0,53760,0,1118208,0,0,0,0,0,0,0,0,2048,0,341264,12144640,123731968
1744062236.002096,600037,21131153,0,131892244,124016480,124156468,0,1055420,0,224604,4871088,123500,4037132,101104,833956,1048576,1048576,0,0,0,0,5089208,427984,120200,91372,651140,91372,559768,24768,42412,0,0,0,65946120,8327520,34359738367,478764,0,53760,0,1118208,0,0,0,0,0,0,0,0,2048,0,341264,12144640,123731968
1744062237.001166,600037,21131153,0,131892244,124016480,124156468,0,1055420,0,224604,4871088,123500,4037132,101104,833956,1048576,1048576,0,0,0,0,5089208,427984,120200,91372,651140,91372,559768,24768,42412,0,0,0,65946120,8327520,34359738367,478764,0,53760,0,1118208,0,0,0,0,0,0,0,0,2048,0,341264,12144640,123731968
1744062238.001494,600037,21131153,0,131892244,124016480,124156468,0,1055420,0,224604,4871088,123500,4037132,101104,833956,1048576,1048576,0,0,0,0,5089208,427984,120200,91372,651140,91372,559768,24768,42412,0,0,0,65946120,8327520,34359738367,478764,0,53760,0,1118208,0,0,0,0,0,0,0,0,2048,0,341264,12144640,123731968
1744062239.001869,600037,21131153,0,131892244,124016480,124156468,0,1055420,0,224604,4871088,123500,4037132,101104,833956,1048576,1048576,0,0,0,0,5089208,427984,120200,91372,651140,91372,559768,24768,42412,0,0,0,65946120,8327520,34359738367,478764,0,53760,0,1118208,0,0,0,0,0,0,0,0,2048,0,341264,12144640,123731968
1744062240.001947,600037,21131153,0,131892244,124016480,124156468,0,1055420,0,224604,4871088,123500,4037132,101104,833956,1048576,1048576,0,0,0,0,5089208,427984,120200,91372,651140,91372,559768,24768,42412,0,0,0,65946120,8327520,34359738367,478764,0,53760,0,1118208,0,0,0,0,0,0,0,0,2048,0,341264,12144640,123731968
1744062241.001995,600037,21131153,0,131892244,124016480,124156468,0,1055420,0,224604,4871088,123500,4037132,101104,833956,1048576,1048576,0,0,0,0,5089208,427984,120200,91372,651140,91372,559768,24768,42412,0,0,0,65946120,8327520,34359738367,478764,0,53760,0,1118208,0,0,0,0,0,0,0,0,2048,0,341264,12144640,123731968
1744062242.001416,600037,21131153,0,131892244,124016480,124156468,0,1055420,0,224604,4871088,123500,4037132,101104,833956,1048576,1048576,0,0,0,0,5089208,427984,120200,91372,651140,91372,559768,24768,42412,0,0,0,65946120,8327520,34359738367,478764,0,53760,0,1118208,0,0,0,0,0,0,0,0,2048,0,341264,12144640,123731968
1744062243.001485,600037,21131153,0,131892244,124016480,124156468,0,1055420,0,224604,4871088,123500,4037132,101104,833956,1048576,1048576,0,0,0,0,5089208,427984,120200,91372,651140,91372,559768,24768,42412,0,0,0,65946120,8327520,34359738367,478764,0,53760,0,1118208,0,0,0,0,0,0,0,0,2048,0,341264,12144640,123731968
1744062244.001942,600037,21131153,0,131892244,124016512,124156500,0,1055420,0,224604,4871088,123500,4037132,101104,833956,1048576,1048576,0,0,0,0,5089208,427984,120200,91372,651136,91372,559764,24720,42412,0,0,0,65946120,8327520,34359738367,478764,0,53760,0,1118208,0,0,0,0,0,0,0,0,2048,0,341264,12144640,123731968
1744062245.002016,600037,21131153,0,131892244,124016548,124156536,0,1055420,0,224604,4871088,123500,4037132,101104,833956,1048576,1048576,0,0,0,0,5089208,427984,120200,91372,651136,91372,559764,24704,42412,0,0,0,65946120,8327520,34359738367,478748,0,53760,0,1118208,0,0,0,0,0,0,0,0,2048,0,341264,12144640,123731968
1744062246.001434,600037,21131153,0,131892244,124016548,124156536,0,1055420,0,224604,4871088,123500,4037132,101104,833956,1048576,1048576,0,0,0,0,5089208,427984,120200,91372,651136,91372,559764,24704,42412,0,0,0,65946120,8327520,34359738367,478748,0,53760,0,1118208,0,0,0,0,0,0,0,0,2048,0,341264,12144640,123731968
1744062247.001505,600037,21131153,0,131892244,124016548,124156536,0,1055420,0,224604,4871088,123500,4037132,101104,833956,1048576,1048576,0,0,0,0,5089208,427984,120200,91372,651136,91372,559764,24704,42412,0,0,0,65946120,8327520,34359738367,478748,0,53760,0,1118208,0,0,0,0,0,0,0,0,2048,0,341264,12144640,123731968
1744062248.001963,600037,21131153,0,131892244,124016548,124156536,0,1055420,0,224604,4871088,123500,4037132,101104,833956,1048576,1048576,0,0,0,0,5089208,427984,120200,91372,651136,91372,559764,24704,42412,0,0,0,65946120,8327520,34359738367,478748,0,53760,0,1118208,0,0,0,0,0,0,0,0,2048,0,341264,12144640,123731968
1744062249.002032,600037,21131153,0,131892244,124016548,124156536,0,1055420,0,224604,4871088,123500,4037132,101104,833956,1048576,1048576,0,0,0,0,5089208,427984,120200,91372,651136,91372,559764,24704,42412,0,0,0,65946120,8327520,34359738367,478748,0,53760,0,1118208,0,0,0,0,0,0,0,0,2048,0,341264,12144640,123731968
1744062250.012776,600037,21131153,0,131892244,124016548,124156536,0,1055420,0,224604,4871088,123500,4037132,101104,833956,1048576,1048576,0,0,0,0,5089208,427984,120200,91372,651136,91372,559764,24704,42412,0,0,0,65946120,8327520,34359738367,478748,0,53760,0,1118208,0,0,0,0,0,0,0,0,2048,0,341264,12144640,123731968
1744062251.001840,600037,21131153,0,131892244,124016548,124156536,0,1055420,0,224604,4871088,123500,4037132,101104,833956,1048576,1048576,0,0,0,0,5089208,427984,120200,91372,651136,91372,559764,24704,42412,0,0,0,65946120,8327520,34359738367,478748,0,53760,0,1118208,0,0,0,0,0,0,0,0,2048,0,341264,12144640,123731968
1744062252.001120,600037,21131153,0,131892244,124016548,124156536,0,1055420,0,224604,4871088,123500,4037132,101104,833956,1048576,1048576,0,0,0,0,5089208,427984,120200,91372,651136,91372,559764,24704,42412,0,0,0,65946120,8327520,34359738367,478748,0,53760,0,1118208,0,0,0,0,0,0,0,0,2048,0,341264,12144640,123731968
1744062253.001495,600037,21131153,0,131892244,124016548,124156536,0,1055420,0,224604,4871088,123500,4037132,101104,833956,1048576,1048576,0,0,0,0,5089208,427984,120200,91372,651136,91372,559764,24704,42412,0,0,0,65946120,8327520,34359738367,478748,0,53760,0,1118208,0,0,0,0,0,0,0,0,2048,0,341264,12144640,123731968
1744062254.001562,600037,21131153,0,131892244,124016540,124156528,0,1055420,0,224604,4871088,123500,4037132,101104,833956,1048576,1048576,0,0,0,0,5089208,427984,120200,91372,651144,91372,559772,24704,42412,0,0,0,65946120,8327520,34359738367,478748,0,53760,0,1118208,0,0,0,0,0,0,0,0,2048,0,341264,12144640,123731968
1744062255.001887,600037,21131153,0,131892244,124016540,124156528,0,1055420,0,224604,4871088,123500,4037132,101104,833956,1048576,1048576,0,0,0,0,5089208,427984,120200,91372,651144,91372,559772,24704,42412,0,0,0,65946120,8327520,34359738367,478748,0,53760,0,1118208,0,0,0,0,0,0,0,0,2048,0,341264,12144640,123731968
1744062256.001288,600037,21131153,0,131892244,124016540,124156528,0,1055420,0,224604,4871088,123500,4037132,101104,833956,1048576,1048576,0,0,0,0,5089208,427984,120200,91372,651144,91372,559772,24704,42412,0,0,0,65946120,8327520,34359738367,478748,0,53760,0,1118208,0,0,0,0,0,0,0,0,2048,0,341264,12144640,123731968
1744062257.001360,600037,21131153,0,131892244,124016540,124156528,0,1055420,0,224604,4871088,123500,4037132,101104,833956,1048576,1048576,0,0,0,0,5089208,427984,120200,91372,651144,91372,559772,24704,42412,0,0,0,65946120,8327520,34359738367,478748,0,53760,0,1118208,0,0,0,0,0,0,0,0,2048,0,341264,12144640,123731968
1744062258.001688,600037,21131153,0,131892244,124016532,124156520,0,1055420,0,224604,4871088,123500,4037132,101104,833956,1048576,1048576,0,0,0,0,5089208,427984,120200,91372,651152,91372,559780,24704,42412,0,0,0,65946120,8327520,34359738367,478748,0,53760,0,1118208,0,0,0,0,0,0,0,0,2048,0,341264,12144640,123731968
1744062259.002043,600037,21131153,0,131892244,124016524,124156512,0,1055420,0,224604,4871088,123500,4037132,101104,833956,1048576,1048576,0,0,0,0,5089208,427984,120200,91372,651160,91372,559788,24704,42412,0,0,0,65946120,8327520,34359738367,478748,0,53760,0,1118208,0,0,0,0,0,0,0,0,2048,0,341264,12144640,123731968
1744062260.001083,600037,21131153,0,131892244,124016524,124156512,0,1055420,0,224604,4871088,123500,4037132,101104,833956,1048576,1048576,0,0,0,0,5089208,427984,120200,91372,651160,91372,559788,24704,42412,0,0,0,65946120,8327520,34359738367,478748,0,53760,0,1118208,0,0,0,0,0,0,0,0,2048,0,341264,12144640,123731968
1744062261.001412,600037,21131153,0,131892244,124016524,124156512,0,1055420,0,224604,4871088,123500,4037132,101104,833956,1048576,1048576,0,0,0,0,5089208,427984,120200,91372,651160,91372,559788,24704,42412,0,0,0,65946120,8327520,34359738367,478748,0,53760,0,1118208,0,0,0,0,0,0,0,0,2048,0,341264,12144640,123731968
1744062262.001855,600037,21131153,0,131892244,124016524,124156512,0,1055420,0,224604,4871088,123500,4037132,101104,833956,1048576,1048576,0,0,0,0,5089208,427984,120200,91372,651160,91372,559788,24704,42412,0,0,0,65946120,8327520,34359738367,478748,0,53760,0,1118208,0,0,0,0,0,0,0,0,2048,0,341264,12144640,123731968
1744062263.001932,600037,21131153,0,131892244,124016524,124156512,0,1055420,0,224604,4871088,123500,4037132,101104,833956,1048576,1048576,0,0,0,0,5089208,427984,120200,91372,651160,91372,559788,24704,42412,0,0,0,65946120,8327520,34359738367,478748,0,53760,0,1118208,0,0,0,0,0,0,0,0,2048,0,341264,12144640,123731968
1744062264.000915,600037,21131153,0,131892244,124016524,124156512,0,1055420,0,224604,4871088,123500,4037132,101104,833956,1048576,1048576,0,0,0,0,5089208,427984,120200,91372,651160,91372,559788,24704,42412,0,0,0,65946120,8327520,34359738367,478748,0,53760,0,1118208,0,0,0,0,0,0,0,0,2048,0,341264,12144640,123731968
1744062265.001976,600037,21131153,0,131892244,124016524,124156512,0,1055420,0,224604,4871088,123500,4037132,101104,833956,1048576,1048576,0,0,0,0,5089208,427984,120200,91372,651160,91372,559788,24704,42412,0,0,0,65946120,8327520,34359738367,478748,0,53760,0,1118208,0,0,0,0,0,0,0,0,2048,0,341264,12144640,123731968
1744062266.001164,600037,21131153,0,131892244,124016524,124156512,0,1055420,0,224604,4871088,123500,4037132,101104,833956,1048576,1048576,0,0,0,0,5089208,427984,120200,91372,651160,91372,559788,24704,42412,0,0,0,65946120,8327520,34359738367,478748,0,53760,0,1118208,0,0,0,0,0,0,0,0,2048,0,341264,12144640,123731968
1744062267.000977,600037,21131153,0,131892244,124016524,124156512,0,1055420,0,224604,4871088,123500,4037132,101104,833956,1048576,1048576,0,0,0,0,5089208,427984,120200,91372,651160,91372,559788,24704,42412,0,0,0,65946120,8327520,34359738367,478748,0,53760,0,1118208,0,0,0,0,0,0,0,0,2048,0,341264,12144640,123731968
1744062268.001173,600037,21131153,0,131892244,124016516,124156504,0,1055420,0,224604,4871088,123500,4037132,101104,833956,1048576,1048576,0,0,0,0,5089208,427984,120200,91372,651168,91372,559796,24704,42412,0,0,0,65946120,8327520,34359738367,478748,0,53760,0,1118208,0,0,0,0,0,0,0,0,2048,0,341264,12144640,123731968
1744062269.000976,600037,21131153,0,131892244,124016516,124156504,0,1055420,0,224604,4871088,123500,4037132,101104,833956,1048576,1048576,0,0,0,0,5089208,427984,120200,91372,651168,91372,559796,24704,42412,0,0,0,65946120,8327520,34359738367,478748,0,53760,0,1118208,0,0,0,0,0,0,0,0,2048,0,341264,12144640,123731968
1744062270.012224,600037,21131153,0,131892244,124016516,124156504,0,1055420,0,224604,4871088,123500,4037132,101104,833956,1048576,1048576,0,0,0,0,5089208,427984,120200,91372,651168,91372,559796,24704,42412,0,0,0,65946120,8327520,34359738367,478748,0,53760,0,1118208,0,0,0,0,0,0,0,0,2048,0,341264,12144640,123731968
1744062271.000978,600037,21131153,0,131892244,124016516,124156504,0,1055420,0,224604,4871088,123500,4037132,101104,833956,1048576,1048576,0,0,0,0,5089208,427984,120200,91372,651168,91372,559796,24704,42412,0,0,0,65946120,8327520,34359738367,478748,0,53760,0,1118208,0,0,0,0,0,0,0,0,2048,0,341264,12144640,123731968
1744062272.001047,600037,21131153,0,131892244,124016516,124156504,0,1055420,0,224604,4871088,123500,4037132,101104,833956,1048576,1048576,0,0,0,0,5089208,427984,120200,91372,651168,91372,559796,24704,42412,0,0,0,65946120,8327520,34359738367,478748,0,53760,0,1118208,0,0,0,0,0,0,0,0,2048,0,341264,12144640,123731968
1744062273.001172,600037,21131153,0,131892244,124016516,124156504,0,1055420,0,224604,4871088,123500,4037132,101104,833956,1048576,1048576,0,0,0,0,5089208,427984,120200,91372,651168,91372,559796,24704,42412,0,0,0,65946120,8327520,34359738367,478748,0,53760,0,1118208,0,0,0,0,0,0,0,0,2048,0,341264,12144640,123731968
1744062274.000982,600037,21131153,0,131892244,124016516,124156504,0,1055420,0,224604,4871088,123500,4037132,101104,833956,1048576,1048576,0,0,0,0,5089208,427984,120200,91372,651168,91372,559796,24704,42412,0,0,0,65946120,8327520,34359738367,478748,0,53760,0,1118208,0,0,0,0,0,0,0,0,2048,0,341264,12144640,123731968
1744062275.001052,600037,21131153,0,131892244,124016516,124156504,0,1055420,0,224604,4871088,123500,4037132,101104,833956,1048576,1048576,0,0,0,0,5089208,427984,120200,91372,651168,91372,559796,24704,42412,0,0,0,65946120,8327520,34359738367,478748,0,53760,0,1118208,0,0,0,0,0,0,0,0,2048,0,341264,12144640,123731968
1744062276.001165,600037,21131153,0,131892244,124016516,124156504,0,1055420,0,224604,4871088,123500,4037132,101104,833956,1048576,1048576,0,0,0,0,5089208,427984,120200,91372,651168,91372,559796,24704,42412,0,0,0,65946120,8327520,34359738367,478748,0,53760,0,1118208,0,0,0,0,0,0,0,0,2048,0,341264,12144640,123731968
1744062277.000974,600037,21131153,0,131892244,124016556,124156544,0,1055420,0,224604,4871088,123500,4037132,101104,833956,1048576,1048576,0,0,0,0,5089208,427984,120200,91372,651168,91372,559796,24704,42412,0,0,0,65946120,8327520,34359738367,478748,0,53760,0,1118208,0,0,0,0,0,0,0,0,2048,0,341264,12144640,123731968
1744062278.001056,600037,21131153,0,131892244,124016584,124156572,0,1055420,0,224604,4871088,123500,4037132,101104,833956,1048576,1048576,0,0,0,0,5089208,427984,120200,91372,651168,91372,559796,24704,42412,0,0,0,65946120,8327520,34359738367,478748,0,53760,0,1118208,0,0,0,0,0,0,0,0,2048,0,341264,12144640,123731968
1744062279.001170,600037,21131153,0,131892244,124016584,124156572,0,1055420,0,224604,4871088,123500,4037132,101104,833956,1048576,1048576,0,0,0,0,5089208,427984,120200,91372,651168,91372,559796,24704,42412,0,0,0,65946120,8327520,34359738367,478748,0,53760,0,1118208,0,0,0,0,0,0,0,0,2048,0,341264,12144640,123731968
1744062280.000975,600037,21131153,0,131892244,124016584,124156572,0,1055420,0,224604,4871088,123500,4037132,101104,833956,1048576,1048576,0,0,0,0,5089208,427984,120200,91372,651168,91372,559796,24704,42412,0,0,0,65946120,8327520,34359738367,478748,0,53760,0,1118208,0,0,0,0,0,0,0,0,2048,0,341264,12144640,123731968
1744062281.001875,600037,21131153,0,131892244,124016584,124156572,0,1055420,0,224604,4871088,123500,4037132,101104,833956,1048576,1048576,0,0,0,0,5089208,427984,120200,91372,651168,91372,559796,24704,42412,0,0,0,65946120,8327520,34359738367,478748,0,53760,0,1118208,0,0,0,0,0,0,0,0,2048,0,341264,12144640,123731968
1744062282.001164,600037,21131153,0,131892244,124016584,124156572,0,1055420,0,224604,4871088,123500,4037132,101104,833956,1048576,1048576,0,0,0,0,5089208,427984,120200,91372,651168,91372,559796,24704,42412,0,0,0,65946120,8327520,34359738367,478748,0,53760,0,1118208,0,0,0,0,0,0,0,0,2048,0,341264,12144640,123731968
1744062283.000976,600037,21131153,0,131892244,124016584,124156572,0,1055420,0,224604,4871088,123500,4037132,101104,833956,1048576,1048576,0,0,0,0,5089208,427984,120200,91372,651168,91372,559796,24704,42412,0,0,0,65946120,8327520,34359738367,478748,0,53760,0,1118208,0,0,0,0,0,0,0,0,2048,0,341264,12144640,123731968
1744062284.001170,600037,21131153,0,131892244,124016584,124156572,0,1055420,0,224604,4871088,123500,4037132,101104,833956,1048576,1048576,0,0,0,0,5089208,427984,120200,91372,651168,91372,559796,24704,42412,0,0,0,65946120,8327520,34359738367,478748,0,53760,0,1118208,0,0,0,0,0,0,0,0,2048,0,341264,12144640,123731968
1744062285.000976,600037,21131153,0,131892244,124016584,124156572,0,1055420,0,224604,4871088,123500,4037132,101104,833956,1048576,1048576,0,0,0,0,5089208,427984,120200,91372,651168,91372,559796,24704,42412,0,0,0,65946120,8327520,34359738367,478748,0,53760,0,1118208,0,0,0,0,0,0,0,0,2048,0,341264,12144640,123731968
1744062286.001167,600037,21131153,0,131892244,124016584,124156572,0,1055420,0,224604,4871088,123500,4037132,101104,833956,1048576,1048576,0,0,0,0,5089208,427984,120200,91372,651168,91372,559796,24704,42412,0,0,0,65946120,8327520,34359738367,478748,0,53760,0,1118208,0,0,0,0,0,0,0,0,2048,0,341264,12144640,123731968
1744062287.000980,600037,21131153,0,131892244,124016584,124156572,0,1055420,0,224604,4871088,123500,4037132,101104,833956,1048576,1048576,0,0,0,0,5089208,427984,120200,91372,651168,91372,559796,24704,42412,0,0,0,65946120,8327520,34359738367,478748,0,53760,0,1118208,0,0,0,0,0,0,0,0,2048,0,341264,12144640,123731968
1744062288.001164,600037,21131153,0,131892244,124016584,124156572,0,1055420,0,224604,4871088,123500,4037132,101104,833956,1048576,1048576,0,0,0,0,5089208,427984,120200,91372,651168,91372,559796,24704,42412,0,0,0,65946120,8327520,34359738367,478748,0,53760,0,1118208,0,0,0,0,0,0,0,0,2048,0,341264,12144640,123731968
1744062289.000976,600037,21131153,0,131892244,124016584,124156572,0,1055420,0,224604,4871088,123500,4037132,101104,833956,1048576,1048576,0,0,0,0,5089208,427984,120200,91372,651168,91372,559796,24704,42412,0,0,0,65946120,8327520,34359738367,478748,0,53760,0,1118208,0,0,0,0,0,0,0,0,2048,0,341264,12144640,123731968
1744062290.012345,600037,21131153,0,131892244,124016584,124156572,0,1055420,0,224604,4871088,123500,4037132,101104,833956,1048576,1048576,0,0,0,0,5089208,427984,120200,91372,651168,91372,559796,24704,42412,0,0,0,65946120,8327520,34359738367,478748,0,53760,0,1118208,0,0,0,0,0,0,0,0,2048,0,341264,12144640,123731968
1744062291.000974,600037,21131153,0,131892244,124016640,124156628,0,1055420,0,224604,4871088,123500,4037132,101104,833956,1048576,1048576,0,0,0,0,5089208,427984,120200,91372,651168,91372,559796,24704,42412,0,0,0,65946120,8327520,34359738367,478748,0,53760,0,1118208,0,0,0,0,0,0,0,0,2048,0,341264,12144640,123731968
1744062292.001051,600037,21131153,0,131892244,124016640,124156628,0,1055420,0,224604,4871088,123500,4037132,101104,833956,1048576,1048576,0,0,0,0,5089208,427984,120200,91372,651168,91372,559796,24704,42412,0,0,0,65946120,8327520,34359738367,478748,0,53760,0,1118208,0,0,0,0,0,0,0,0,2048,0,341264,12144640,123731968
1744062293.001166,600037,21131153,0,131892244,124016640,124156628,0,1055420,0,224604,4871088,123500,4037132,101104,833956,1048576,1048576,0,0,0,0,5089208,427984,120200,91372,651168,91372,559796,24704,42412,0,0,0,65946120,8327520,34359738367,478748,0,53760,0,1118208,0,0,0,0,0,0,0,0,2048,0,341264,12144640,123731968
1744062294.000979,600037,21131153,0,131892244,124016640,124156628,0,1055420,0,224604,4871088,123500,4037132,101104,833956,1048576,1048576,0,0,0,0,5089208,427984,120200,91372,651168,91372,559796,24704,42412,0,0,0,65946120,8327520,34359738367,478748,0,53760,0,1118208,0,0,0,0,0,0,0,0,2048,0,341264,12144640,123731968
1744062295.001049,600037,21131153,0,131892244,124016640,124156628,0,1055420,0,224604,4871088,123500,4037132,101104,833956,1048576,1048576,0,0,0,0,5089208,427984,120200,91372,651168,91372,559796,24704,42412,0,0,0,65946120,8327520,34359738367,478748,0,53760,0,1118208,0,0,0,0,0,0,0,0,2048,0,341264,12144640,123731968
1744062296.001165,600037,21131153,0,131892244,124016640,124156628,0,1055420,0,224604,4871088,123500,4037132,101104,833956,1048576,1048576,0,0,0,0,5089208,427984,120200,91372,651168,91372,559796,24704,42412,0,0,0,65946120,8327520,34359738367,478748,0,53760,0,1118208,0,0,0,0,0,0,0,0,2048,0,341264,12144640,123731968
1744062297.000978,600037,21131153,0,131892244,124016640,124156628,0,1055420,0,224604,4871088,123500,4037132,101104,833956,1048576,1048576,0,0,0,0,5089208,427984,120200,91372,651168,91372,559796,24704,42412,0,0,0,65946120,8327520,34359738367,478748,0,53760,0,1118208,0,0,0,0,0,0,0,0,2048,0,341264,12144640,123731968
1744062298.001048,600037,21131153,0,131892244,124016640,124156628,0,1055420,0,224604,4871088,123500,4037132,101104,833956,1048576,1048576,0,0,0,0,5089208,427984,120200,91372,651168,91372,559796,24704,42412,0,0,0,65946120,8327520,34359738367,478748,0,53760,0,1118208,0,0,0,0,0,0,0,0,2048,0,341264,12144640,123731968
1744062299.001164,600037,21131153,0,131892244,124016640,124156628,0,1055420,0,224604,4871088,123500,4037132,101104,833956,1048576,1048576,0,0,0,0,5089208,427984,120200,91372,651168,91372,559796,24704,42412,0,0,0,65946120,8327520,34359738367,478748,0,53760,0,1118208,0,0,0,0,0,0,0,0,2048,0,341264,12144640,123731968
1744062300.000977,600037,21131153,0,131892244,124016640,124156628,0,1055420,0,224604,4871088,123500,4037132,101104,833956,1048576,1048576,0,0,0,0,5089208,427984,120200,91372,651168,91372,559796,24704,42412,0,0,0,65946120,8327520,34359738367,478748,0,53760,0,1118208,0,0,0,0,0,0,0,0,2048,0,341264,12144640,123731968
1744062301.000976,600037,21131153,0,131892244,124016640,124156628,0,1055420,0,224604,4871088,123500,4037132,101104,833956,1048576,1048576,0,0,0,0,5089208,427984,120200,91372,651164,91372,559792,24704,42412,0,0,0,65946120,8327520,34359738367,478748,0,53760,0,1118208,0,0,0,0,0,0,0,0,2048,0,341264,12144640,123731968
1744062302.001163,600037,21131153,0,131892244,124016640,124156628,0,1055420,0,224604,4871088,123500,4037132,101104,833956,1048576,1048576,0,0,0,0,5089208,427984,120200,91372,651164,91372,559792,24704,42412,0,0,0,65946120,8327520,34359738367,478748,0,53760,0,1118208,0,0,0,0,0,0,0,0,2048,0,341264,12144640,123731968
1744062303.000967,600037,21131153,0,131892244,124016640,124156628,0,1055420,0,224604,4871088,123500,4037132,101104,833956,1048576,1048576,0,0,0,0,5089208,427984,120200,91372,651164,91372,559792,24704,42412,0,0,0,65946120,8327520,34359738367,478748,0,53760,0,1118208,0,0,0,0,0,0,0,0,2048,0,341264,12144640,123731968
1744062304.001171,600037,21131153,0,131892244,124016640,124156628,0,1055420,0,224604,4871088,123500,4037132,101104,833956,1048576,1048576,0,0,0,0,5089208,427984,120200,91372,651164,91372,559792,24704,42412,0,0,0,65946120,8327520,34359738367,478748,0,53760,0,1118208,0,0,0,0,0,0,0,0,2048,0,341264,12144640,123731968
1744062305.000979,600037,21131153,0,131892244,124016640,124156628,0,1055420,0,224604,4871088,123500,4037132,101104,833956,1048576,1048576,0,0,0,0,5089208,427984,120200,91372,651164,91372,559792,24704,42412,0,0,0,65946120,8327520,34359738367,478748,0,53760,0,1118208,0,0,0,0,0,0,0,0,2048,0,341264,12144640,123731968
1744062306.001171,600037,21131153,0,131892244,124016640,124156628,0,1055420,0,224604,4871088,123500,4037132,101104,833956,1048576,1048576,0,0,0,0,5089208,427984,120200,91372,651164,91372,559792,24704,42412,0,0,0,65946120,8327520,34359738367,478748,0,53760,0,1118208,0,0,0,0,0,0,0,0,2048,0,341264,12144640,123731968
1744062307.000979,600037,21131153,0,131892244,124016640,124156628,0,1055420,0,224604,4871088,123500,4037132,101104,833956,1048576,1048576,0,0,0,0,5089208,427984,120200,91372,651164,91372,559792,24704,42412,0,0,0,65946120,8327520,34359738367,478748,0,53760,0,1118208,0,0,0,0,0,0,0,0,2048,0,341264,12144640,123731968
1744062308.001174,600037,21131153,0,131892244,124016640,124156628,0,1055420,0,224604,4871088,123500,4037132,101104,833956,1048576,1048576,0,0,0,0,5089208,427984,120200,91372,651164,91372,559792,24704,42412,0,0,0,65946120,8327520,34359738367,478748,0,53760,0,1118208,0,0,0,0,0,0,0,0,2048,0,341264,12144640,123731968
1744062309.001244,600037,21131153,0,131892244,124016640,124156628,0,1055420,0,224604,4871088,123500,4037132,101104,833956,1048576,1048576,0,0,0,0,5089208,427984,120200,91372,651164,91372,559792,24704,42412,0,0,0,65946120,8327520,34359738367,478748,0,53760,0,1118208,0,0,0,0,0,0,0,0,2048,0,341264,12144640,123731968
1744062310.012593,600037,21131153,0,131892244,124016640,124156628,0,1055420,0,224604,4871088,123500,4037132,101104,833956,1048576,1048576,0,0,0,0,5089208,427984,120200,91372,651164,91372,559792,24704,42412,0,0,0,65946120,8327520,34359738367,478748,0,53760,0,1118208,0,0,0,0,0,0,0,0,2048,0,341264,12144640,123731968
1744062311.001653,600037,21131153,0,131892244,124016640,124156628,0,1055420,0,224604,4871088,123500,4037132,101104,833956,1048576,1048576,0,0,0,0,5089208,427984,120200,91372,651164,91372,559792,24704,42412,0,0,0,65946120,8327520,34359738367,478748,0,53760,0,1118208,0,0,0,0,0,0,0,0,2048,0,341264,12144640,123731968
1744062312.001980,600037,21131153,0,131892244,124016640,124156628,0,1055420,0,224604,4871088,123500,4037132,101104,833956,1048576,1048576,0,0,0,0,5089208,427984,120200,91372,651164,91372,559792,24704,42412,0,0,0,65946120,8327520,34359738367,478748,0,53760,0,1118208,0,0,0,0,0,0,0,0,2048,0,341264,12144640,123731968
1744062313.001345,600037,21131153,0,131892244,124016640,124156628,0,1055420,0,224604,4871088,123500,4037132,101104,833956,1048576,1048576,0,0,0,0,5089208,427984,120200,91372,651164,91372,559792,24688,42412,0,0,0,65946120,8327520,34359738367,478732,0,53760,0,1118208,0,0,0,0,0,0,0,0,2048,0,341264,12144640,123731968
1744062314.001416,600037,21131153,0,131892244,124016640,124156628,0,1055420,0,224604,4871088,123500,4037132,101104,833956,1048576,1048576,0,0,0,0,5089208,427984,120200,91372,651164,91372,559792,24688,42412,0,0,0,65946120,8327520,34359738367,478732,0,53760,0,1118208,0,0,0,0,0,0,0,0,2048,0,341264,12144640,123731968
1744062315.001750,600037,21131153,0,131892244,124016640,124156628,0,1055420,0,224604,4871088,123500,4037132,101104,833956,1048576,1048576,0,0,0,0,5089208,427984,120200,91372,651164,91372,559792,24688,42412,0,0,0,65946120,8327520,34359738367,478732,0,53760,0,1118208,0,0,0,0,0,0,0,0,2048,0,341264,12144640,123731968
1744062316.002136,600037,21131153,0,131892244,124016640,124156628,0,1055420,0,224604,4871088,123500,4037132,101104,833956,1048576,1048576,0,0,0,0,5089208,427984,120200,91372,651164,91372,559792,24688,42412,0,0,0,65946120,8327520,34359738367,478732,0,53760,0,1118208,0,0,0,0,0,0,0,0,2048,0,341264,12144640,123731968
1744062317.001206,600037,21131153,0,131892244,124016640,124156628,0,1055420,0,224604,4871088,123500,4037132,101104,833956,1048576,1048576,0,0,0,0,5089208,427984,120200,91372,651164,91372,559792,24688,42412,0,0,0,65946120,8327520,34359738367,478732,0,53760,0,1118208,0,0,0,0,0,0,0,0,2048,0,341264,12144640,123731968
1744062318.001538,600037,21131153,0,131892244,124016668,124156656,0,1055420,0,224604,4871088,123500,4037132,101104,833956,1048576,1048576,0,0,0,0,5089208,427984,120200,91372,651160,91372,559788,24688,42412,0,0,0,65946120,8327520,34359738367,478732,0,53760,0,1118208,0,0,0,0,0,0,0,0,2048,0,341264,12144640,123731968
1744062319.001927,600037,21131153,0,131892244,124016668,124156656,0,1055420,0,224604,4871088,123500,4037132,101104,833956,1048576,1048576,0,0,0,0,5089208,427984,120200,91372,651160,91372,559788,24688,42412,0,0,0,65946120,8327520,34359738367,478732,0,53760,0,1118208,0,0,0,0,0,0,0,0,2048,0,341264,12144640,123731968
1744062320.002001,600037,21131153,0,131892244,124016668,124156656,0,1055420,0,224604,4871088,123500,4037132,101104,833956,1048576,1048576,0,0,0,0,5089208,427984,120200,91372,651160,91372,559788,24688,42412,0,0,0,65946120,8327520,34359738367,478732,0,53760,0,1118208,0,0,0,0,0,0,0,0,2048,0,341264,12144640,123731968
1744062321.001831,600037,21131153,0,131892244,124016668,124156656,0,1055420,0,224604,4871088,123500,4037132,101104,833956,1048576,1048576,0,0,0,0,5089208,427984,120200,91372,651160,91372,559788,24688,42412,0,0,0,65946120,8327520,34359738367,478732,0,53760,0,1118208,0,0,0,0,0,0,0,0,2048,0,341264,12144640,123731968
1744062322.001288,600037,21131153,0,131892244,124016668,124156656,0,1055420,0,224604,4871088,123500,4037132,101104,833956,1048576,1048576,0,0,0,0,5089208,427984,120200,91372,651160,91372,559788,24688,42412,0,0,0,65946120,8327520,34359738367,478732,0,53760,0,1118208,0,0,0,0,0,0,0,0,2048,0,341264,12144640,123731968
1744062323.001359,600037,21131153,0,131892244,124016668,124156656,0,1055420,0,224604,4871088,123500,4037132,101104,833956,1048576,1048576,0,0,0,0,5089208,427984,120200,91372,651160,91372,559788,24688,42412,0,0,0,65946120,8327520,34359738367,478732,0,53760,0,1118208,0,0,0,0,0,0,0,0,2048,0,341264,12144640,123731968
1744062324.001809,600037,21131153,0,131892244,124016668,124156656,0,1055420,0,224604,4871088,123500,4037132,101104,833956,1048576,1048576,0,0,0,0,5089208,427984,120200,91372,651160,91372,559788,24688,42412,0,0,0,65946120,8327520,34359738367,478732,0,53760,0,1118208,0,0,0,0,0,0,0,0,2048,0,341264,12144640,123731968
1744062325.001878,600037,21131153,0,131892244,124016668,124156656,0,1055420,0,224604,4871088,123500,4037132,101104,833956,1048576,1048576,0,0,0,0,5089208,427984,120200,91372,651160,91372,559788,24688,42412,0,0,0,65946120,8327520,34359738367,478732,0,53760,0,1118208,0,0,0,0,0,0,0,0,2048,0,341264,12144640,123731968
1744062326.001327,600037,21131153,0,131892244,124016668,124156656,0,1055420,0,224604,4871088,123500,4037132,101104,833956,1048576,1048576,0,0,0,0,5089208,427984,120200,91372,651160,91372,559788,24688,42412,0,0,0,65946120,8327520,34359738367,478732,0,53760,0,1118208,0,0,0,0,0,0,0,0,2048,0,341264,12144640,123731968
1744062327.001397,600037,21131153,0,131892244,124016668,124156656,0,1055420,0,224604,4871088,123500,4037132,101104,833956,1048576,1048576,0,0,0,0,5089208,427984,120200,91372,651160,91372,559788,24688,42412,0,0,0,65946120,8327520,34359738367,478732,0,53760,0,1118208,0,0,0,0,0,0,0,0,2048,0,341264,12144640,123731968
1744062328.001846,600037,21131153,0,131892244,124016668,124156656,0,1055420,0,224604,4871088,123500,4037132,101104,833956,1048576,1048576,0,0,0,0,5089208,427984,120200,91372,651160,91372,559788,24688,42412,0,0,0,65946120,8327520,34359738367,478732,0,53760,0,1118208,0,0,0,0,0,0,0,0,2048,0,341264,12144640,123731968
1744062329.001925,600037,21131153,0,131892244,124016668,124156656,0,1055420,0,224604,4871088,123500,4037132,101104,833956,1048576,1048576,0,0,0,0,5089208,427984,120200,91372,651160,91372,559788,24688,42412,0,0,0,65946120,8327520,34359738367,478732,0,53760,0,1118208,0,0,0,0,0,0,0,0,2048,0,341264,12144640,123731968
1744062330.011850,600037,21131153,0,131892244,124016668,124156656,0,1055420,0,224604,4871088,123500,4037132,101104,833956,1048576,1048576,0,0,0,0,5089208,427984,120200,91372,651160,91372,559788,24688,42412,0,0,0,65946120,8327520,34359738367,478732,0,53760,0,1118208,0,0,0,0,0,0,0,0,2048,0,341264,12144640,123731968
1744062331.001916,600037,21131153,0,131892244,124016668,124156656,0,1055420,0,224604,4871088,123500,4037132,101104,833956,1048576,1048576,0,0,0,0,5089208,427984,120200,91372,651160,91372,559788,24688,42412,0,0,0,65946120,8327520,34359738367,478732,0,53760,0,1118208,0,0,0,0,0,0,0,0,2048,0,341264,12144640,123731968
1744062332.001220,600037,21131153,0,131892244,124016676,124156664,0,1055420,0,224604,4871088,123500,4037132,101104,833956,1048576,1048576,0,0,0,0,5089208,427984,120200,91372,651160,91372,559788,24688,42412,0,0,0,65946120,8327520,34359738367,478732,0,53760,0,1118208,0,0,0,0,0,0,0,0,2048,0,341264,12144640,123731968
1744062333.001598,600037,21131153,0,131892244,124016676,124156664,0,1055420,0,224604,4871088,123500,4037132,101104,833956,1048576,1048576,0,0,0,0,5089208,427984,120200,91372,651160,91372,559788,24688,42412,0,0,0,65946120,8327520,34359738367,478732,0,53760,0,1118208,0,0,0,0,0,0,0,0,2048,0,341264,12144640,123731968
1744062334.001669,600037,21131153,0,131892244,124016692,124156680,0,1055420,0,224604,4871088,123500,4037132,101104,833956,1048576,1048576,0,0,0,0,5089208,427984,120200,91372,651160,91372,559788,24688,42412,0,0,0,65946120,8327520,34359738367,478732,0,53760,0,1118208,0,0,0,0,0,0,0,0,2048,0,341264,12144640,123731968
1744062335.001993,600037,21131153,0,131892244,124016692,124156680,0,1055420,0,224604,4871088,123500,4037132,101104,833956,1048576,1048576,0,0,0,0,5089208,427984,120200,91372,651160,91372,559788,24688,42412,0,0,0,65946120,8327520,34359738367,478732,0,53760,0,1118208,0,0,0,0,0,0,0,0,2048,0,341264,12144640,123731968
1744062336.001370,600037,21131153,0,131892244,124016692,124156680,0,1055420,0,224604,4871088,123500,4037132,101104,833956,1048576,1048576,0,0,0,0,5089208,427984,120200,91372,651160,91372,559788,24688,42412,0,0,0,65946120,8327520,34359738367,478732,0,53760,0,1118208,0,0,0,0,0,0,0,0,2048,0,341264,12144640,123731968
1744062337.001439,600037,21131153,0,131892244,124016692,124156680,0,1055420,0,224604,4871088,123500,4037132,101104,833956,1048576,1048576,0,0,0,0,5089208,427984,120200,91372,651160,91372,559788,24688,42412,0,0,0,65946120,8327520,34359738367,478732,0,53760,0,1118208,0,0,0,0,0,0,0,0,2048,0,341264,12144640,123731968
1744062338.001769,600037,21131153,0,131892244,124016692,124156680,0,1055420,0,224604,4871088,123500,4037132,101104,833956,1048576,1048576,0,0,0,0,5089208,427984,120200,91372,651160,91372,559788,24688,42412,0,0,0,65946120,8327520,34359738367,478732,0,53760,0,1118208,0,0,0,0,0,0,0,0,2048,0,341264,12144640,123731968
1744062339.002124,600037,21131153,0,131892244,124016692,124156680,0,1055420,0,224604,4871088,123500,4037132,101104,833956,1048576,1048576,0,0,0,0,5089208,427984,120200,91372,651160,91372,559788,24688,42412,0,0,0,65946120,8327520,34359738367,478732,0,53760,0,1118208,0,0,0,0,0,0,0,0,2048,0,341264,12144640,123731968
1744062340.001200,600037,21131153,0,131892244,124016692,124156680,0,1055420,0,224604,4871088,123500,4037132,101104,833956,1048576,1048576,0,0,0,0,5089208,427984,120200,91372,651160,91372,559788,24688,42412,0,0,0,65946120,8327520,34359738367,478732,0,53760,0,1118208,0,0,0,0,0,0,0,0,2048,0,341264,12144640,123731968
1744062341.001857,600037,21131153,0,131892244,124016692,124156680,0,1055420,0,224604,4871088,123500,4037132,101104,833956,1048576,1048576,0,0,0,0,5089208,427984,120200,91372,651160,91372,559788,24688,42412,0,0,0,65946120,8327520,34359738367,478732,0,53760,0,1118208,0,0,0,0,0,0,0,0,2048,0,341264,12144640,123731968
1744062342.001310,600037,21131153,0,131892244,124016720,124156708,0,1055420,0,224604,4871088,123500,4037132,101104,833956,1048576,1048576,0,0,0,0,5089208,427984,120200,91372,651160,91372,559788,24672,42412,0,0,0,65946120,8327520,34359738367,478716,0,53760,0,1118208,0,0,0,0,0,0,0,0,2048,0,341264,12144640,123731968
1744062343.001379,600037,21131153,0,131892244,124016720,124156708,0,1055420,0,224604,4871088,123500,4037132,101104,833956,1048576,1048576,0,0,0,0,5089208,427984,120200,91372,651160,91372,559788,24672,42412,0,0,0,65946120,8327520,34359738367,478716,0,53760,0,1118208,0,0,0,0,0,0,0,0,2048,0,341264,12144640,123731968
1744062344.001833,600037,21131153,0,131892244,124016720,124156708,0,1055420,0,224604,4871088,123500,4037132,101104,833956,1048576,1048576,0,0,0,0,5089208,427984,120200,91372,651160,91372,559788,24672,42412,0,0,0,65946120,8327520,34359738367,478716,0,53760,0,1118208,0,0,0,0,0,0,0,0,2048,0,341264,12144640,123731968
1744062345.001910,600037,21131153,0,131892244,124016720,124156708,0,1055420,0,224604,4871088,123500,4037132,101104,833956,1048576,1048576,0,0,0,0,5089208,427984,120200,91372,651160,91372,559788,24672,42412,0,0,0,65946120,8327520,34359738367,478716,0,53760,0,1118208,0,0,0,0,0,0,0,0,2048,0,341264,12144640,123731968
1744062346.001343,600037,21131153,0,131892244,124016720,124156708,0,1055420,0,224604,4871088,123500,4037132,101104,833956,1048576,1048576,0,0,0,0,5089208,427984,120200,91372,651160,91372,559788,24672,42412,0,0,0,65946120,8327520,34359738367,478716,0,53760,0,1118208,0,0,0,0,0,0,0,0,2048,0,341264,12144640,123731968
1744062347.001417,600037,21131153,0,131892244,124016720,124156708,0,1055420,0,224604,4871088,123500,4037132,101104,833956,1048576,1048576,0,0,0,0,5089208,427984,120200,91372,651160,91372,559788,24672,42412,0,0,0,65946120,8327520,34359738367,478716,0,53760,0,1118208,0,0,0,0,0,0,0,0,2048,0,341264,12144640,123731968
1744062348.001871,600037,21131153,0,131892244,124016720,124156708,0,1055420,0,224604,4871088,123500,4037132,101104,833956,1048576,1048576,0,0,0,0,5089208,427984,120200,91372,651160,91372,559788,24672,42412,0,0,0,65946120,8327520,34359738367,478716,0,53760,0,1118208,0,0,0,0,0,0,0,0,2048,0,341264,12144640,123731968
1744062349.001945,600037,21131153,0,131892244,124016688,124156676,0,1055420,0,224604,4871088,123500,4037132,101104,833956,1048576,1048576,0,0,0,0,5089208,427984,120200,91372,651192,91372,559820,24672,42412,0,0,0,65946120,8327520,34359738367,478716,0,53760,0,1118208,0,0,0,0,0,0,0,0,2048,0,341264,12144640,123731968
1744062350.012348,600037,21131153,0,131892244,124016680,124156668,0,1055420,0,224604,4871088,123500,4037132,101104,833956,1048576,1048576,0,0,0,0,5089208,427984,120200,91372,651200,91372,559828,24672,42412,0,0,0,65946120,8327520,34359738367,478716,0,53760,0,1118208,0,0,0,0,0,0,0,0,2048,0,341264,12144640,123731968
1744062351.001408,600037,21131153,0,131892244,124016680,124156668,0,1055420,0,224604,4871088,123500,4037132,101104,833956,1048576,1048576,0,0,0,0,5089208,427984,120200,91372,651200,91372,559828,24672,42412,0,0,0,65946120,8327520,34359738367,478716,0,53760,0,1118208,0,0,0,0,0,0,0,0,2048,0,341264,12144640,123731968
1744062352.001741,600037,21131153,0,131892244,124016680,124156668,0,1055420,0,224604,4871088,123500,4037132,101104,833956,1048576,1048576,0,0,0,0,5089208,427984,120200,91372,651200,91372,559828,24672,42412,0,0,0,65946120,8327520,34359738367,478716,0,53760,0,1118208,0,0,0,0,0,0,0,0,2048,0,341264,12144640,123731968
1744062353.002106,600037,21131153,0,131892244,124016680,124156668,0,1055420,0,224604,4871088,123500,4037132,101104,833956,1048576,1048576,0,0,0,0,5089208,427984,120200,91372,651200,91372,559828,24672,42412,0,0,0,65946120,8327520,34359738367,478716,0,53760,0,1118208,0,0,0,0,0,0,0,0,2048,0,341264,12144640,123731968
1744062354.001178,600037,21131153,0,131892244,124016680,124156668,0,1055420,0,224604,4871088,123500,4037132,101104,833956,1048576,1048576,0,0,0,0,5089208,427984,120200,91372,651200,91372,559828,24672,42412,0,0,0,65946120,8327520,34359738367,478716,0,53760,0,1118208,0,0,0,0,0,0,0,0,2048,0,341264,12144640,123731968
1744062355.001511,600037,21131153,0,131892244,124016680,124156668,0,1055420,0,224604,4871088,123500,4037132,101104,833956,1048576,1048576,0,0,0,0,5089208,427984,120200,91372,651200,91372,559828,24672,42412,0,0,0,65946120,8327520,34359738367,478716,0,53760,0,1118208,0,0,0,0,0,0,0,0,2048,0,341264,12144640,123731968
1744062356.001889,600037,21131153,0,131892244,124016680,124156668,0,1055420,0,224604,4871088,123500,4037132,101104,833956,1048576,1048576,0,0,0,0,5089208,427984,120200,91372,651200,91372,559828,24672,42412,0,0,0,65946120,8327520,34359738367,478716,0,53760,0,1118208,0,0,0,0,0,0,0,0,2048,0,341264,12144640,123731968
1744062357.001959,600037,21131153,0,131892244,124016672,124156660,0,1055420,0,224604,4871088,123500,4037132,101104,833956,1048576,1048576,0,0,0,0,5089208,427984,120200,91372,651208,91372,559836,24672,42412,0,0,0,65946120,8327520,34359738367,478716,0,53760,0,1118208,0,0,0,0,0,0,0,0,2048,0,341264,12144640,123731968
1744062358.001231,600037,21131153,0,131892244,124016700,124156688,0,1055420,0,224604,4871088,123500,4037132,101104,833956,1048576,1048576,0,0,0,0,5089208,427984,120200,91372,651208,91372,559836,24672,42412,0,0,0,65946120,8327520,34359738367,478716,0,53760,0,1118208,0,0,0,0,0,0,0,0,2048,0,341264,12144640,123731968
1744062359.001605,600037,21131153,0,131892244,124016700,124156688,0,1055420,0,224604,4871088,123500,4037132,101104,833956,1048576,1048576,0,0,0,0,5089208,427984,120200,91372,651192,91372,559820,24672,42412,0,0,0,65946120,8327520,34359738367,478716,0,53760,0,1118208,0,0,0,0,0,0,0,0,2048,0,341264,12144640,123731968
1744062360.001677,600037,21131153,0,131892244,124016720,124156708,0,1055420,0,224604,4871088,123500,4037132,101104,833956,1048576,1048576,0,0,0,0,5089208,427984,120200,91372,651200,91372,559828,24672,42412,0,0,0,65946120,8327520,34359738367,478716,0,53760,0,1118208,0,0,0,0,0,0,0,0,2048,0,341264,12144640,123731968
1744062361.001527,600037,21131153,0,131892244,124016720,124156708,0,1055420,0,224604,4871088,123500,4037132,101104,833956,1048576,1048576,0,0,0,0,5089208,427984,120200,91372,651200,91372,559828,24672,42412,0,0,0,65946120,8327520,34359738367,478716,0,53760,0,1118208,0,0,0,0,0,0,0,0,2048,0,341264,12144640,123731968
1744062362.002138,600037,21131153,0,131892244,127815988,127956960,0,1055296,0,273580,1199596,42044,495088,231536,704508,1048576,1048576,0,0,284,0,1470068,185864,119180,91372,649784,91372,558412,23056,15408,0,0,0,65946120,1829008,34359738367,476028,0,53760,0,1118208,0,0,0,0,0,0,0,0,2048,0,341264,12144640,123731968
1744062363.001268,600037,21131153,0,131892244,127820608,127961356,0,1050924,0,274948,1193604,40072,492316,234876,701288,1048576,1048576,0,0,0,0,1465700,182612,114760,90684,643756,90684,553072,22080,9724,0,0,0,65946120,1813488,34359738367,476028,0,53760,0,1118208,0,0,0,0,0,0,0,0,2048,0,341264,12144640,123731968
1744062364.001261,600037,21131153,0,131892244,128807528,128268084,0,111820,0,47156,482528,5052,451096,42104,31432,1048576,1048576,0,0,0,0,1466464,182740,38548,85140,593604,85140,508464,21920,9532,0,0,0,65946120,1789236,34359738367,475916,0,53760,0,1118208,0,0,0,0,0,0,0,0,2048,0,341264,12144640,123731968
1744062365.001396,600037,21131153,0,131892244,128791428,128258716,0,123376,0,55156,485548,5096,451028,50060,34520,1048576,1048576,0,0,0,0,1466916,183124,38548,87556,595100,87556,507544,22048,9536,0,0,0,65946120,1770704,34359738367,475804,0,53760,0,1118208,0,0,0,0,0,0,0,0,2048,0,341264,12144640,123731968
1744062366.002029,600037,21131153,0,131892244,128790756,128258948,0,125056,0,55512,487120,5096,450760,50416,36360,1048576,1048576,0,0,0,0,1466336,182556,38548,87172,594752,87172,507580,22032,9960,0,0,0,65946120,1796884,34359738367,475868,0,53760,0,1118208,0,0,0,0,0,0,0,0,2048,0,341264,12144640,123731968
1744062367.001154,600037,21131153,0,131892244,128791584,128261052,0,127672,0,56936,486000,5072,448472,51864,37528,1048576,1048576,0,0,0,0,1463556,181676,38548,87108,594644,87108,507536,21760,8900,0,0,0,65946120,1817540,34359738367,475804,0,53760,0,1118208,0,0,0,0,0,0,0,0,2048,0,341264,12144640,123731968
1744062368.002042,600037,21131153,0,131892244,128791720,128261188,0,127672,0,56936,486000,5072,448472,51864,37528,1048576,1048576,0,0,0,0,1463556,181676,38548,87108,594644,87108,507536,21760,8900,0,0,0,65946120,1817540,34359738367,475804,0,53760,0,1118208,0,0,0,0,0,0,0,0,2048,0,341264,12144640,123731968
1744062369.001141,600037,21131153,0,131892244,128791820,128261288,0,127672,0,56936,486000,5072,448472,51864,37528,1048576,1048576,0,0,0,0,1463556,181676,38548,87108,594644,87108,507536,21760,8900,0,0,0,65946120,1817540,34359738367,475804,0,53760,0,1118208,0,0,0,0,0,0,0,0,2048,0,341264,12144640,123731968
